0001 25_102_8e856e53_1f6e_43ad_9eb7_7f69b186655b 52 north 99 48079 96157 961552
0002 7_21 19 south 99 34533 69064 690627
0003 1_111 46 south 98 29079 58157 581552
0004 8_74_bd8145c3_9eed_47ee_bfac_fc286c2d8d22 35 north 98 44747 89492 894904
0005 5_47_a7d99a69_2911_4378_9505_76ee3c35406a_0 39 north 95 50225 100450 1004492
0006 5_14 33 south 94 33780 67559 675584
0007 21_10_0bfc7663_d83b_4e05_8f9a_48ca6592bc56 50 north 91 64604 129208 1292069
0008 21_10_863ca5cc_acb2_47bc_bb24_4e1a752f9615 50 north 91 54795 109590 1095892
0009 21_10_8adb9110_cec5_4681_9d8d_18870dde286d 48 north 91 65557 131113 1311119
0010 21_10_ec7164ec_3c42_4f75_9dbe_dc478ce15f7b 52 north 90 54788 109575 1095749
0011 21_20_5b881503_8d66_4201_9e6c_06cd9ed98c15_0 44 north 90 38874 77747 777454
0012 7_94_4963f1d7_95d1_47e3_9589_b9589ac595e2_0 41 north 90 51478 102954 1029530
0013 21_10_261133be_d4e9_4ffc_b672_26e05b42271b_0 50 north 84 47654 95308 953069
0014 7_34 29 north 84 41147 82293 822914
0015 4_27_426820ce_a4eb_4347_8aad_9b7fad12f525 37 north 82 32620 65240 652394
0016 14_185_0 36 north 80 48258 96515 965144
0017 1_100_b06798c7_bb21_412d_b889_a7169292529b 17 south 80 29109 58218 582173
0018 2_78_233c65c7_982a_47e5_9802_035d8a3e7a8d 19 south 80 29778 59555 595543
0019 4_27_c566a273_b019_4224_a4e0_2ff620e9f0f4 34 north 80 32100 64199 641987
0020 5_60_ae72847c_454b_4e96_aa17_eb0f9415f27a 46 north 80 44649 89298 892974
0021 6_82_0 12 north 80 31407 62812 628108
0022 6_88_f2684aa6_ffb2_49f2_b064_c08e5ba2c9d3 33 north 80 30143 60284 602835
0023 21_10_503f62a7_9c1b_447b_a848_e6b1f87d0db4_0 48 north 78 57240 114479 1144779
0024 25_44_6a5e1c0a_df78_413e_97dd_e6e99f2379e2_0 10 north 78 69213 138424 1384235
0025 11_11_0 22 south 77 32105 64209 642079
0026 6_84_0 13 north 77 31053 62105 621042
0027 7_6 53 south 76 37948 75894 758937
0028 17_41_0 36 north 75 45829 91658 916567
0029 25_44_2c933eb6_cdaf_4ac4_a17d_e348137e755c_2 17 north 75 56383 112765 1127649
0030 3_87_ff109498_0e4f_433d_a761_3aa17ad47363 32 north 75 29227 58453 584524
0031 25_44_334819e0_3e28_4309_8ce7_ca1664ef74f6_0 14 north 74 55959 111917 1119155
0032 8_8_0 18 south 74 31114 62228 622269
0033 14_174_ddc1c40e_c8f1_4732_811b_2c6e1212e9cd_0 31 north 72 42088 84175 841742
0034 14_69_f7fcb121_dbba_4fb7_9c84_520ddd0dee22 20 south 72 31745 63489 634878
0035 2_87_5ffc9cb7_6586_4532_adf1_e57c4fdac789_0 33 south 72 28859 57717 577163
0036 5_47_15a89eb7_5ad2_4a12_a8e0_7c29381c4514_0 41 north 72 49147 98292 982913
0037 6_88_a4a339a7_7650_48f8_a906_7dc711b1791b 36 north 72 30688 61374 613734
0038 7_94_94acb185_ed3a_4702_8153_06ff38064b55 48 north 72 43804 87608 876068
0039 14_89_737fde19_9e52_42a7_b35b_0a89ee0eef0e 48 north 70 35967 71933 719325
0040 14_89_be4ea3f2_e7cb_46ed_8901_95f140c71dad_0 48 north 70 33402 66803 668014
0041 21_20_1ebf9390_8f5d_4ee0_b642_1e78c628f717 46 north 70 36070 72140 721398
0042 4_27_2907ce11_0d70_4c9f_b40e_2eaa2542fb41 34 north 70 30645 61289 612877
0043 4_27_dd73a0d6_cf49_4113_aa0a_947346eaa760 39 north 70 32700 65399 653985
0044 5_47_845e16c1_7ce5_4341_9770_375539269e95_0 39 north 70 42634 85268 852669
0045 6_26_0 23 south 70 29727 59452 594503
0046 14_148 29 north 69 42012 84022 840202
0047 14_174_bf239cc9_46c4_4834_bc72_8c6b1ee71eda 31 north 69 46762 93522 935212
0048 1_78 18 north 69 29772 59542 595407
0049 14_191_0 52 north 68 37852 75703 757019
0050 4_27_c92511ea_b42f_4dba_a3b1_fc62dd56883b 36 north 68 32095 64190 641897
0051 3_9 52 south 67 30655 61310 613089
0052 3_98_02fd5d7c_e082_4131_b146_d9c74ea63c26 36 south 67 30437 60873 608717
0053 14_174_fc9c6183_2a27_4d3a_87fc_84e6f580ed4f 29 north 66 41448 82894 828934
0054 14_89_fc94c899_c2bc_4fd0_9c01_9530438cb2a2_0 49 north 66 35599 71197 711954
0055 2_82_0 46 north 66 29798 59595 595943
0056 6_88_d93f5e75_e357_41c2_b074_49187bcdd570 28 north 66 30770 61539 615387
0057 25_44_d795e099_c551_422a_a12d_37e86b3837a4_0 17 north 65 72624 145248 1452469
0058 6_69_0 37 north 65 41757 83513 835120
0059 8_71 29 north 65 36118 72234 722327
0060 21_10_edac00be_8b17_41b7_816c_318d54fe4f1e_0 52 north 64 47695 95390 953899
0061 4_14_58fbf3db_6a2a_480a_afa0_f9657fb3cbd2 33 south 64 31950 63900 638992
0062 8_74_8dd9f6f1_6168_49b3_b023_150460955c39_0 37 north 64 45687 91372 913709
0063 2_78_5a9ca181_3d38_45de_935a_834c86cfe170 17 south 63 29479 58958 589575
0064 3_91_3e83d10c_e969_4aff_bdc3_40925ed55d3b 21 south 63 32210 64419 644188
0065 3_91_a986c79a_f625_4c0b_9b8d_798f6d18577c 22 south 63 30017 60032 600307
0066 3_76_ba44df5e_01f1_4ba4_b5a2_7a19444d4869_0 19 north 62 29934 59867 598660
0067 4_30_aafc4efb_d1d1_4b0a_90fd_c6a3eb8b9c06 37 south 62 29620 59239 592388
0068 25_44_819409ac_564c_4f60_bd01_b25757d7e950_0 19 north 61 72630 145259 1452588
0069 3_91_4e179b12_1bb6_4dcb_9a22_c01e7a449684 22 south 61 29505 59010 590099
0070 4_30_6ed31c0c_e9d5_4f30_b779_c5617a0ae987 37 north 61 29959 59918 599170
0071 11_30_7a75b413_07ae_4894_bba4_73edad4b845a 43 north 60 34717 69432 694303
0072 11_30_e4db8b2d_12be_4e73_a6fe_c84ea4c23980 47 north 60 36948 73895 738949
0073 14_61_5983ba09_709b_467e_b3d1_6eca41559fae 55 south 60 32012 64023 640220
0074 1_100_06018005_adc9_4444_855b_921e8cd405a6 17 south 60 29307 58612 586107
0075 21_10_ea9c2c5d_1e8d_4bca_bb0a_3cf51e9f6404_0 52 north 60 62878 125755 1257547
0076 25_102_7382c7f4_921a_4eb0_b33f_84801e0668e6 36 north 60 87928 175855 1758540
0077 25_44_371afa8a_bfac_40c7_92b0_ce168f4f475c_0 15 north 60 48819 97637 976353
0078 25_44_45dab36e_67d9_4ba0_a243_a73ed6b6ed11_0 12 north 60 64059 128117 1281160
0079 25_44_a567493c_b18d_49e5_8b75_c4a112618ec3 17 north 60 64242 128482 1284808
0080 25_44_ad440df4_4231_4bbf_b75e_94bfbc99a123_0 14 north 60 63824 127647 1276462
0081 25_44_c8600a13_c340_4202_98a5_f7cdb6369fdb_0 15 north 60 44634 89267 892653
0082 2_79_0 28 north 60 29748 59495 594950
0083 4_27_8768d480_d18e_48f6_a3bb_973df71ee05f 36 north 60 30983 61965 619643
0084 5_60_13f68f3b_ea88_4707_93dc_e5d915beb616_0 43 north 60 44260 88519 885180
0085 11_3 35 south 58 31484 62968 629674
0086 25_102_caee3715_634c_436f_8ef5_3b61c39960c0 34 north 58 88108 176214 1762130
0087 25_44_0f4014d8_35bd_42e1_9034_f858da74f1a4_0 8 north 58 61283 122564 1225629
0088 4_27_e5f47074_836f_45c5_8c97_1cb5121449c7 37 north 58 30602 61203 612017
0089 25_44_e16bfd9a_12fa_4deb_a4c5_6d19e0b27b20_0 3 north 56 73395 146790 1467897
0090 3_76_69fe6382_8a8c_480f_ace8_07da1406ddfb 20 south 56 29504 59007 590063
0091 4_17_664b0ca6_f286_4aa4_b7a0_27c6a7047bb1 42 north 56 34810 69620 696198
0092 6_25 36 south 56 29760 59520 595195
0093 7_36_4fb0d938_632e_448d_9aef_09acc9326063 13 north 56 34323 68645 686443
0094 7_36_cbdfee7a_05f0_4993_95b8_3f5e71ff68a8 13 north 56 33074 66148 661472
0095 11_13_37ebd9c2_344e_4b1c_9435_7d604baff2a6 33 south 55 31313 62625 626249
0096 11_30_3833a9b5_63cc_4ffb_86d1_788d9f09d8ab 49 north 55 39799 79597 795952
0097 11_30_fbcb6c25_c00d_45af_bea9_3b2c502f7600_0 45 north 55 34890 69779 697784
0098 1_74_93a7deac_9c99_4948_bce6_76e3790459c6 52 south 55 29169 58337 583354
0099 25_44_fe38a323_baab_4c91_a5ba_0af1a0164b30 13 north 55 48668 97335 973349
0100 4_27_a6f917db_e6fa_42c2_ade3_7d3bebac276d 34 north 55 39049 78097 780952
0101 5_13_5523fa02_6ef5_4c3b_b733_5b70a7093aea 19 south 55 30675 61350 613499
0102 5_60_9fed7fbf_e4fe_422a_884f_522348258199 44 north 55 43947 87893 878919
0103 6_49 39 north 55 37182 74362 743608
0104 7_36_7be652de_1d6a_4b01_bda5_69a73c8545b0_0 12 north 55 31449 62898 628974
0105 25_44_430ee568_7276_48e4_88d2_6a16fdecca27_0 19 north 54 64070 128140 1281393
0106 2_104_0 43 north 54 29977 59953 599519
0107 3_91_d96d37aa_c13b_4586_990f_774c3660dffd 21 south 54 30945 61889 618888
0108 7_22 50 south 53 39414 78827 788259
0109 7_28 34 south 53 32314 64627 646257
0110 21_10_fcc9447b_fae6_4307_8729_90d9575e5b12_0 46 north 52 66084 132168 1321667
0111 25_44_0b983b45_cace_4f68_872a_9a4a54818748_0 10 north 52 81338 162674 1626732
0112 25_44_a806cb80_3e4d_43a7_9a50_46a04f514eb0_0 8 north 52 81328 162655 1626539
0113 2_78_3d44e11a_d7af_43d4_9dc4_cb3d9debf0be_0 21 south 52 29365 58730 587295
0114 7_86 29 north 52 40920 81840 818393
0115 14_68 35 south 51 33798 67595 675939
0116 3_88_0 17 south 51 29754 59507 595059
0117 3_98_6b007cd1_6fd8_49d9_a8a9_2e661a742032 37 south 51 29814 59627 596263
0118 1_74_a8c53bcb_22ae_4700_8c7d_a28a8bc8eaf6 54 south 50 29739 59478 594764
0119 25_44_8884fb37_1fbf_4636_b047_83df33f7aeef_0 19 north 50 53274 106547 1065460
0120 25_44_ceb6ac75_475a_455b_b89f_9e2e83c0a835_0 13 north 50 50603 101204 1012034
0121 3_91_740532db_6703_4bff_a78e_e2cc5222132b 19 south 50 30098 60194 601933
0122 3_91_75612dfc_ca1f_447f_b886_44dd7af19020_0 23 south 50 29830 59659 596577
0123 4_17_98f6ce28_48e3_47bc_b94b_237cfe5ae451 39 north 50 35857 71712 717110
0124 6_10 49 south 50 34989 69977 699763
0125 7_94_07f1ff86_52b9_4c71_83e3_5a9517e2a523 49 north 50 50825 101650 1016489
0126 25_44_55ad6cdc_6fdf_4056_a2d7_30f5511da5f9_0 18 north 49 76445 152889 1528888
0127 2_57_0 46 north 49 30717 61432 614308
0128 2_78_f86b3ef3_7005_4b08_8ba0_0bc6fd42edba_0 20 south 49 29438 58875 588748
0129 5_12 51 south 49 39277 78553 785525
0130 6_38_8a371cc7_fa5d_4d34_a87b_5d92561d29d6_0 34 south 49 31377 62752 627505
0131 8_11 50 south 49 32997 65993 659918
0132 25_102_5c70f84a_7cc0_49af_a018_c2bcdc9dfcdc_ac98a620_197b_4905_8ad8_5a3280263395_0 42 north 48 76098 152195 1521943
0133 25_102_9eec1bf9_f725_4417_a4e6_9c3bb9970660_07d1d7e0_d8a5_439f_b3a9_da71b314d713_0 38 north 48 75908 151815 1518145
0134 25_102_9eec1bf9_f725_4417_a4e6_9c3bb9970660_659c1c5f_c0ad_44c7_8cc1_311d0d8c52e1 40 north 48 76010 152019 1520180
0135 2_78_8da22a1b_3990_4047_a60a_0767ff37db73 19 south 48 30265 60530 605297
0136 3_91_e0aab820_4060_4107_b586_f43ca612d3ca 20 south 48 30984 61968 619669
0137 4_27_bc44a18f_5d4b_4367_9cbe_45dca7d405d1 29 north 48 39292 78583 785823
0138 5_13_dc8ef5c2_92fe_4ade_b71d_e39b41311a0e 19 south 48 30992 61983 619823
0139 5_37_0 10 north 48 38860 77719 777185
0140 6_33 19 south 48 32507 65012 650110
0141 6_88_2cef54de_62c8_465e_ae46_d45432038fde_0 30 north 48 30192 60383 603814
0142 6_88_3ccbdb3f_eac0_45a4_a3d9_4d9bf1ceb2ca_0 37 north 48 29880 59759 597577
0143 7_36_3b349515_030e_4d51_8ae9_f4f8472e83ac 12 north 48 32634 65268 652669
0144 7_36_c3384b14_6d3e_4c4c_a617_e75d9ccea1ce 12 north 48 37685 75369 753679
0145 7_36_d4a7b309_e2d6_4ae4_a125_55331d2b36e8 13 north 48 31413 62824 628237
0146 25_102_503e1b02_7394_432d_94d5_a5c625fbe5e1 37 north 47 43013 86024 860228
0147 3_14 38 south 47 30474 60948 609467
0148 6_89 43 north 46 30903 61804 618027
0149 11_30_083b4766_0577_4f83_9eb6_0ae6e87730fb 44 north 45 36714 73428 734265
0150 11_30_6578a9ab_7c2e_42ec_be3b_f885870b98ac 47 north 45 33098 66194 661927
0151 11_30_f82b0908_cfbd_40c8_b3c5_50e57b02cc52 47 north 45 34749 69498 694970
0152 21_10_321f5f50_1d6c_47a8_8ac5_1129218614cb_3 46 north 45 63417 126833 1268323
0153 25_44_1f3dbd08_d2ff_4928_8c3a_f6163f955b8b_0 13 north 45 68034 136068 1360668
0154 25_44_56fd4a4e_7b56_4f8c_8a95_a14c2f80707c_0 13 north 45 60880 121759 1217583
0155 25_44_9f78c661_ca0b_43d4_966a_38748bdcee39 14 north 45 60753 121504 1215032
0156 3_12 54 south 45 30273 60544 605438
0157 3_91_13cdf83b_267a_4216_9966_6e72255ea7d5 21 south 45 30382 60763 607614
0158 4_6_55d1eae7_622a_4ab4_bef5_d12428b5ef78 49 south 45 33780 67559 675577
0159 4_6_5e138a82_3137_445b_b1fa_3cb289401780 53 south 45 37704 75408 754068
0160 4_6_ae120e03_aa14_4f39_89f4_6530ee0dc227 52 south 45 32548 65094 650932
0161 4_6_fb4df8b4_bcfc_4ad9_86f3_02782e742005 52 south 45 33928 67855 678549
0162 5_1_ba75f583_add5_4738_ac65_2941ae00d82c 19 south 45 32988 65974 659727
0163 7_18_e3aedac3_6822_4d71_afdc_c889d62df39f 19 south 45 30780 61559 615583
0164 8_48_69af46a9_aea6_4ba1_af02_781d61d1c835 10 north 45 32465 64930 649299
0165 8_61 30 north 45 43004 86007 860054
0166 14_197_7405a2dc_fa14_48a1_bdef_d6f844359eda_0 16 north 44 34153 68305 683042
0167 25_102_0612589f_1410_46df_aa7c_93a5847f3d53_69e77564_9eb2_42d5_b8a0_266ce4dcedf1 35 north 44 74384 148767 1487657
0168 25_102_5c70f84a_7cc0_49af_a018_c2bcdc9dfcdc_62814587_9f49_479f_8f42_753b2b9a195f 44 north 44 74959 149917 1499163
0169 25_102_ac4f18af_d68b_469e_94ab_ed89fe1b5249_1 46 north 44 74853 149705 1497049
0170 25_44_763051e4_cd62_471e_b5a5_33762db85771 16 north 44 61002 122003 1220015
0171 4_27_36386af9_9ff0_411f_aacf_a8667453ba33 32 north 44 32340 64679 646787
0172 4_27_37f0ae9a_2b0f_432f_80b0_692e11402b08 32 north 44 33508 67015 670147
0173 4_27_3c9ddfb2_93aa_4232_ba44_e9a7bd41512e 31 north 44 36917 73832 738310
0174 4_27_64ee2edc_ec71_40ce_acc3_ab43012e6ec0 32 north 44 31369 62738 627374
0175 4_27_7e4d27e4_b5f3_4f92_8bc8_d500685ba49d 29 north 44 32494 64987 649860
0176 4_27_998530fb_2656_45f6_b085_b554082f7239 32 north 44 30578 61154 611530
0177 4_27_cab81d29_d2b9_4369_b406_a690606747f2 31 north 44 35152 70303 703017
0178 4_27_e7a5d8c5_aef4_4b2d_a919_eaba84368fd9 29 north 44 33662 67322 673212
0179 5_60_6d9046b9_7834_4f69_8166_d04241883f1f 48 north 44 52432 104863 1048615
0180 5_60_94bb1d6c_c618_404b_a6af_73b1256dd4a9 46 north 44 47835 95669 956685
0181 7_94_2ea8c580_c502_4f11_8725_1c7f8eaf04f1 48 north 44 56169 112338 1123368
0182 7_94_35e8a724_ced1_49ae_8a79_f4a5e78230b5_0 46 north 44 56703 113404 1134030
0183 7_94_70584069_dcaa_4e99_a511_701752c08c61_0 44 north 44 56469 112938 1129364
0184 7_94_ae026b55_ed02_4657_a7e3_c00564867f03 44 north 44 51527 103053 1030519
0185 11_30_578c0943_62b8_49e5_a46e_545cd2e3f4d3_0 48 north 43 32970 65940 659390
0186 14_61_386803a4_6681_4c21_9517_72b2a9021f28_0 55 south 43 33559 67117 671160
0187 14_89_1e1182c0_baa3_4a8d_82b9_e09e976f08f2_0 49 north 43 33429 66857 668553
0188 4_27_5155a96b_5946_4de4_a517_ada9c06a53df 31 north 43 39015 78030 780292
0189 11_12_05feb0a5_e9a1_4d57_a10f_6a0fcf7281e9 19 south 42 31294 62588 625868
0190 14_69_98fa03aa_99cc_4064_9a71_23cb86363887_0 20 south 42 34572 69143 691415
0191 14_97 18 north 42 29665 59330 593299
0192 2_87_5b0c7a13_48be_4a48_8a26_85c8a5c232b6 33 north 42 28684 57367 573655
0193 3_49_0 16 north 42 32938 65875 658742
0194 3_85_c5e49a10_a0c5_488f_b579_520d0f1e60e2 46 north 42 30409 60818 608164
0195 3_91_0c651624_5739_4558_adc6_a4d104218942 20 south 42 31659 63318 633165
0196 3_91_d90ea277_9a29_4e14_95e6_f16f50431950_0 23 south 42 29325 58650 586495
0197 4_14_001b3e0d_3be8_40fc_8484_a95c9ce02742 32 south 42 30020 60039 600379
0198 4_25 13 north 42 33288 66574 665730
0199 5_61 41 north 42 34717 69433 694317
0200 6_38_5efa23c5_aed2_4ff0_9c14_201a40cfb90f 33 south 42 30683 61364 613635
0201 6_48 41 north 42 32197 64393 643918
0202 7_36_fde0a7dc_dcb1_4e7e_8e52_a6f8d6f1bec6 10 north 42 40175 80349 803483
0203 7_94_31a2bb69_2412_4186_a866_6962cf5c53c4_0 43 north 42 42698 85394 853938
0204 3_48_86308410_b283_460b_9b72_71af7f5fa896_0 13 north 41 32399 64798 647975
0205 6_78_dbb65c69_e9af_4adc_abf7_4c8c89e2f544 42 north 41 31697 63393 633923
0206 8_76_0 34 north 41 36815 73629 736278
0207 11_10_9c2fd3ca_06be_4204_950c_2482ce5dcc02 19 south 40 30667 61333 613317
0208 11_12_e8cf43b7_f582_4ae0_acb3_cd1146e38ae0 18 south 40 30495 60989 609883
0209 11_30_2b66179e_550c_41f3_854c_05ea5e7363ef 42 north 40 37255 74510 745089
0210 11_30_b9e044cc_0e08_4e57_ab21_eb8a99548146 47 north 40 39394 78787 787860
0211 11_30_f5cdb3df_027e_49c9_898c_b4efcf72daf6_0 44 north 40 32710 65420 654190
0212 14_197_e33a35e4_9a77_407b_a1a5_97b397a37dfa 16 north 40 39077 78153 781515
0213 14_61_490ffd3f_faaa_4f2e_b145_5c2087174926 54 south 40 38848 77695 776943
0214 17_50_13899937_f6d8_4656_a37a_08065aa9e683 10 north 40 51050 102100 1020990
0215 25_102_0612589f_1410_46df_aa7c_93a5847f3d53_c7b76017_f4a3_4842_b2ec_91862724d0ca 37 north 40 74560 149120 1491200
0216 25_102_d018e04f_a790_4963_9cfc_3062fe4c8e18_69d7aee9_d5b6_4321_842c_48bff1d4a12e 32 north 40 74102 148202 1482002
0217 25_102_d018e04f_a790_4963_9cfc_3062fe4c8e18_e2b80ca0_c5bf_481a_aff9_040080880f56 34 north 40 74268 148535 1485342
0218 25_44_09964bd1_d3f8_4cea_bede_3a5ad3e44993_0 17 north 40 45400 90799 907988
0219 25_44_1cc6aa52_d202_4574_a38a_ce1b17281769_0 12 north 40 68118 136234 1362328
0220 25_44_2b665964_1bea_47e8_9033_0df8457c1ff7 14 north 40 43545 87090 870890
0221 25_44_3aa06365_6001_4dda_9224_0cb2925c9c31 17 north 40 41984 83967 839658
0222 25_44_48dd9186_1009_4758_9c2b_37224dd1b7aa_0 12 north 40 60970 121940 1219389
0223 25_44_a7447966_3d7f_4b4c_8b6e_a039b0be0db6 11 north 40 45140 90280 902795
0224 25_44_c90ad0c5_baa1_4d42_9585_d71ff7a5cc1b_0 11 north 40 48985 97970 979694
0225 2_78_fa5c32db_3871_4ea3_9ddd_a8fa58d9e37e 20 south 40 29479 58957 589559
0226 4_27_154cde10_05ec_4662_8c7c_09badff5f1e3 31 north 40 31018 62034 620327
0227 4_27_2d517a6e_8914_4783_be14_31042e659f98 31 north 40 41085 82169 821685
0228 4_27_42a9102f_3e6b_48d4_8758_16c0b1ade5b2 28 north 40 32787 65573 655720
0229 4_27_4cb5a31a_f11f_4731_9e9d_c132d7f064af 31 north 40 32718 65435 654345
0230 4_27_6bfc7f20_93e8_48ef_a023_cb7cfc41b18e 29 north 40 34864 69727 697262
0231 4_27_759f5d98_cc4c_4001_818f_6e902dcadcb7 29 north 40 36630 73260 732592
0232 4_27_8ac2e3dc_b885_49c8_91fb_7f528efcb7b9 31 north 40 31748 63495 634948
0233 4_27_8f2a9fa5_daeb_4160_93bf_ac2e050040fc 33 north 40 37073 74145 741444
0234 4_27_c08aaea9_bab9_489d_81c0_ef7d91670271 31 north 40 33885 67769 677685
0235 4_27_c47e0647_03a1_487e_a2fb_29fba3ff14f4 33 north 40 35309 70617 706163
0236 4_27_de07cbfb_a0d2_4737_ac30_85c73a3dfb1e 28 north 40 33962 67922 679202
0237 4_6_04dbe2b3_b9d6_4804_85de_64c9cbd57e42 51 south 40 34079 68158 681573
0238 4_6_c973dcf5_2efb_4a4a_9e3f_4e3e93f728b6 51 south 40 32673 65344 653432
0239 4_6_ff325180_f5a9_474d_a890_7a17a3752fd6 53 south 40 33822 67642 676405
0240 5_1_6ca916cc_11ea_42ff_9114_637b36564ee7 19 south 40 32174 64348 643473
0241 5_46 44 north 40 49334 98668 986668
0242 5_60_029fe013_817b_44e1_a883_c5e4f2481a7a 44 north 40 47442 94883 948814
0243 5_60_17020c73_071f_4851_b7b1_c2a967e71346 43 north 40 47722 95443 954425
0244 5_60_ba8ba5a4_e54f_4838_98db_87972febbb5b 44 north 40 51254 102507 1025052
0245 6_11_a5c0f0a8_dcc2_4b9a_b5c4_4a2519c2c26b 53 south 40 31669 63337 633363
0246 6_88_fd318886_7ac0_416e_bec8_995134bed6f0 32 north 40 30352 60702 607004
0247 7_94_02dcf21f_d337_471e_ad6c_3af773f80711_0 42 north 40 45992 91982 919804
0248 7_94_20620731_b4bc_45d2_803a_1a1f148afffe 41 north 40 42943 85885 858850
0249 14_197_65c6256e_8e6d_40c5_b892_5c9c2c458a9c 14 north 39 36789 73577 735759
0250 1_81_931995f0_1ee6_41e6_be8f_df65550626f9 49 south 39 29533 59064 590635
0251 25_102_071b7fc2_3a23_4ed0_9a5d_054b3295a75f_2a8d12ea_c3e2_4ce1_ace8_8799b2be1011 49 north 39 98040 196079 1960779
0252 3_41_0 15 north 39 30053 60105 601045
0253 25_35 21 north 38 45895 91790 917892
0254 25_44_7adc03e5_77e4_486b_81d6_0ada2df5a305_0 18 north 38 45363 90724 907233
0255 3_87_21ed973f_c702_4b7e_85a1_54e08cd8ceb8_0 29 north 38 29730 59459 594585
0256 8_70 29 north 38 37817 75632 756310
0257 2_33 23 south 37 30224 60447 604463
0258 4_27_08003592_688b_41f2_816a_99167bc552d9 28 north 37 35192 70383 703823
0259 14_69_5cdc2c0b_0955_4151_9148_5801aa24b309_0 21 south 36 31847 63692 636905
0260 14_69_65b616e5_b8d7_442a_bbd1_8fb5ed54ca36 21 south 36 33032 66063 660625
0261 14_69_7d41ac3d_a320_4de8_b25f_06ebad90dded_0 20 south 36 34425 68850 688497
0262 25_102_071b7fc2_3a23_4ed0_9a5d_054b3295a75f_724c9cd4_983b_41e4_a8db_3788688e7d50 51 north 36 92530 185060 1850592
0263 25_102_1e28bc13_e3fe_4a62_8737_636e3312528e_8a7dc5b5_2686_4b0f_a7ff_93721ed0dfce 40 north 36 92867 185733 1857324
0264 25_102_4f232b2e_f33b_4100_b9bb_81561d888343_0 36 north 36 58673 117344 1173433
0265 25_102_53c5c657_0e1a_4257_bf63_da1f9646c214_5a14d932_96c1_49d4_bef4_7cb41da04f02_0 46 north 36 92805 185610 1856089
0266 25_102_53c5c657_0e1a_4257_bf63_da1f9646c214_5d07931f_ab88_4966_aa4d_990c26e185c6 47 north 36 92303 184605 1846039
0267 25_102_5c70f84a_7cc0_49af_a018_c2bcdc9dfcdc_599e2d88_d9af_4cf9_b839_a4a6ce6cb16e 44 north 36 83764 167528 1675275
0268 25_102_5c70f84a_7cc0_49af_a018_c2bcdc9dfcdc_c062dbc5_ecfe_41b0_954f_afbed8af8879 42 north 36 83690 167380 1673799
0269 25_102_7518de3a_25c4_4ca3_b736_5ed0e4c79e4e_80009164_8945_4150_b5b0_ad8ec39198fe 44 north 36 69179 138358 1383575
0270 25_102_9eec1bf9_f725_4417_a4e6_9c3bb9970660_3e43b18e_0674_44b1_a0e8_6fc61ab8db5e 40 north 36 83604 167207 1672053
0271 25_102_9eec1bf9_f725_4417_a4e6_9c3bb9970660_5b7926c8_94bb_454d_a972_351e56d1d7a6 38 north 36 83503 167004 1670037
0272 25_102_ada76b9b_0625_410d_bde6_824263252ff5_6804b8b4_6f95_47d6_a990_55da5a720124 42 north 36 93007 186013 1860124
0273 25_102_f76076bb_4495_4073_a3a9_71c4f26a3d25 33 north 36 59960 119920 1199197
0274 2_78_0d495f94_6baf_40f4_8c2d_5f38bec21625 19 south 36 29458 58915 589148
0275 3_98_0ee7472f_15d0_4778_9f16_03f0bcc7d7e5 37 south 36 30229 60457 604557
0276 4_20_24d36e65_f9b2_4413_8b5c_753d1aae3c6e_0 11 north 36 32565 65129 651284
0277 4_27_aeaf6306_9ac2_47b6_93ef_e2764e3a3195 37 north 36 36643 73285 732842
0278 4_27_bbf9f397_3e4a_456b_89dd_4e24e75ae3ed 37 north 36 38383 76764 767638
0279 4_27_be3008b3_e38a_4491_8080_29dc3d859df8 37 north 36 40379 80758 807570
0280 4_6_68ff1119_f124_490f_8b2d_e687d5844553 52 south 36 35728 71455 714547
0281 4_6_deb8e057_d1d0_4a10_b1aa_501ff06039c8 53 south 36 35592 71183 711825
0282 5_1_0206bd79_d57a_45a5_b20c_cbc2e5c93f8d 19 south 36 30884 61767 617663
0283 5_60_633a30d6_02be_4f50_9cdd_7f71a6bcadce 48 north 36 46467 92932 929312
0284 5_60_db5766db_d07a_4303_aa8c_b28529b902ff_0 43 north 36 40188 80375 803739
0285 6_11_1c14ccb4_a3ee_4dd6_9709_f2eed5c4d377 52 south 36 32470 64940 649394
0286 6_11_dbd488b2_eefb_4934_a163_2627b72cc529_0 52 south 36 31550 63099 630987
0287 6_38_7328f8b6_7bd2_4731_89c5_231cea3ddeaf 34 south 36 32293 64585 645845
0288 7_36_2824398c_0e1f_4905_a0f5_5b0d9510901a_0 11 north 36 36827 73652 736503
0289 7_94_352d3bdc_b1a7_4827_9d40_3a728382cfc5_0 45 north 36 58815 117629 1176279
0290 7_94_7806b8a0_8a21_473b_b814_ce669dbdd607 41 north 36 45497 90992 909910
0291 7_94_cd54db4b_ccf2_405f_b0d8_ad002f914f22 40 north 36 43085 86170 861697
0292 11_13_36e1d8fe_9914_4668_9510_3755b4a450a1 35 south 35 30417 60832 608304
0293 11_13_d3016328_36c9_45f2_bbd5_409c91a83a43 35 south 35 29915 59829 598287
0294 11_13_eb5a1b6c_4f6c_4a8a_9396_6365a4d43628 34 south 35 29993 59985 599843
0295 14_69_cffde987_0f91_422f_8d63_a3071b30f347 20 south 35 35800 71600 715998
0296 17_42 41 north 35 42794 85588 855865
0297 21_10_2f567896_efbc_4c74_a936_797765fe797f 49 north 35 33394 66787 667852
0298 25_44_9ea01687_adf8_49c1_be38_3e4b259a5f89_0 12 north 35 33888 67775 677748
0299 25_44_b4a0607f_a5d6_4723_8533_7e6e67c474dc 12 north 35 32299 64597 645958
0300 2_78_cfd39140_318c_448a_941c_1183079064f1 19 north 35 29817 59632 596312
0301 4_20_41829c01_777a_4bfa_a664_bfb673837702 11 north 35 31423 62844 628435
0302 4_6_c597b645_d8b4_4efe_9f7a_608b79511096 53 south 35 32288 64574 645727
0303 5_4 53 south 35 37633 75265 752640
0304 6_38_2592fdf2_2eb8_4892_9595_4425cf21a4ae 35 south 35 32604 65208 652065
0305 7_18_4035b6bd_1fef_4eea_9154_a73c14b370cd 18 south 35 30784 61567 615660
0306 7_18_a450de19_6f77_4c38_83a5_53113c79ee28 19 south 35 31694 63387 633860
0307 7_36_26249833_986d_4349_a9cc_5e850f8b3546 13 north 35 44597 89192 891907
0308 14_4 58 south 34 41449 82897 828955
0309 1_50_0 20 north 34 29522 59043 590414
0310 1_81_ae3397b0_9826_4393_93c4_7d5daa6f4df5 50 north 34 29533 59064 590635
0311 21_10_b815c82e_0307_4e0e_93a9_26f91364a293 50 north 34 40095 80189 801877
0312 25_102_9b92636e_4af6_48fa_accd_5b4e732b0c7c 57 north 34 50245 100489 1004888
0313 25_44_723ab065_e143_400f_b278_928302e84341_0 14 north 34 67918 135834 1358328
0314 3_91_c5c17dd1_5c23_4361_a3c3_77b331aa7027_0 23 south 34 31638 63274 632732
0315 25_102_0612589f_1410_46df_aa7c_93a5847f3d53_d165c249_a160_44d3_a866_0ff38a16a9c7 35 north 33 81508 163015 1630143
0316 25_102_1e28bc13_e3fe_4a62_8737_636e3312528e_ffdc93d1_ec3f_4191_89b8_80fd4a490d94 39 north 33 93244 186487 1864859
0317 25_102_7518de3a_25c4_4ca3_b736_5ed0e4c79e4e_9b7a8862_d2da_43e5_8a89_5812412c18f1 42 north 33 69062 138122 1381207
0318 25_102_7518de3a_25c4_4ca3_b736_5ed0e4c79e4e_cfb4429e_3d27_403d_b172_3418fdb98b18 44 north 33 63230 126459 1264583
0319 25_102_a8e17245_17bf_4dca_b6ba_73be4baa04c6_0_1a81148e_643d_4453_ab56_90663c80f991 32 north 33 65178 130354 1303527
0320 25_102_aa5fd30e_9601_4eeb_abc2_70339496f513_5f15f64a_463d_4d3f_afa2_cbc67f159118 35 north 33 68279 136558 1365574
0321 25_102_aa5fd30e_9601_4eeb_abc2_70339496f513_74cf53a7_a1bb_4ada_a75a_062d29d38c79 35 north 33 63023 126044 1260429
0322 25_102_ada76b9b_0625_410d_bde6_824263252ff5_1501c72b_eb17_474e_89ee_e7ebb006f1a0 44 north 33 93120 186239 1862379
0323 4_14_f260ef7c_b989_4d94_94c1_e069057e6f88 33 south 33 30897 61793 617917
0324 4_27_2d38d3d5_128e_41d8_9418_48df774cc472 29 north 33 31100 62199 621978
0325 4_27_a5ef8cf5_7a01_4d92_96cf_fbda56edaf8e 29 north 33 31729 63458 634567
0326 4_6_bb38fb99_ac31_4f77_aed6_c10ed2c00d6a 52 south 33 38784 77567 775658
0327 5_60_f85e0d34_0537_496e_9a66_18e7acda07f5 46 north 33 54078 108155 1081544
0328 6_11_8a7915b8_425c_44dd_97fc_3272eb8bbe68 51 south 33 31448 62895 628944
0329 7_94_136d89f6_b19d_4dba_96d6_13493877b433 46 north 33 55790 111580 1115794
0330 8_74_b5dd1959_b93b_4845_b619_8793a6275db4_0 37 north 33 43504 87008 870070
0331 14_197_3330b570_7942_4c7a_90aa_22354509d98d_0 16 north 32 42645 85289 852887
0332 14_197_ebdd1c29_fb45_475d_9401_a8b4d80728bc_0 15 north 32 42252 84503 845022
0333 14_197_f70268f8_20bc_46fc_bef2_9c1787c28551_0 15 north 32 39975 79950 799490
0334 14_9_0 59 south 32 34667 69333 693319
0335 21_20_0be386c9_8ac3_4275_ae9d_4af8124671dd 44 north 32 39170 78339 783384
0336 21_20_cee7b6cd_8d4c_4054_8e52_118b215b440e 48 north 32 42857 85713 857124
0337 25_102_76d026da_97b9_4645_9a59_8fa4d0e372a2_0 35 north 32 59330 118659 1186588
0338 25_102_fa9b1340_ca88_44b5_a4c4_3f363a7c06c3_0 32 north 32 68310 136620 1366192
0339 25_44_c412194a_bc8b_4f0c_8388_cd92f1ffdc54_0 12 north 32 33384 66767 667655
0340 2_78_594c5233_d92e_4455_a30a_73d3c41fcd5b 20 south 32 29838 59675 596748
0341 2_87_cf8567ed_6603_4a88_bd41_6615630ef2f2 32 north 32 29278 58555 585549
0342 3_87_14a18d90_bd16_49d7_b2cf_6cb7a1c3f880 32 north 32 29425 58850 588494
0343 3_87_2a96028e_ced4_4c58_83ae_c91d3ddacd2c 29 north 32 30187 60372 603712
0344 3_87_3c7e2ef5_e073_44a5_ad6a_1e2073a69d6d 31 north 32 29654 59308 593068
0345 3_87_4d393272_5ca2_4c4e_8de7_5f9941358168_0 36 north 32 29682 59363 593615
0346 3_87_517ded97_2ea0_4e28_8045_f5702d647594 34 north 32 29533 59064 590628
0347 3_87_5e4866d5_104d_4fc6_b4c3_eb4f24e55fda_0 28 north 32 30733 61465 614643
0348 3_87_6242e068_4d12_4fb6_abb6_294667b25453 34 north 32 29749 59497 594963
0349 3_87_6c508e98_b95a_42e6_8253_f2487bfb9cee 36 north 32 30455 60910 609094
0350 3_87_6f6aa8ce_3275_49ba_ad95_63ef4bafeb80 32 south 32 29222 58443 584419
0351 3_87_7184c845_2d1c_4fde_af46_6e6add3511dd 32 north 32 29209 58418 584169
0352 3_87_7f1c1ca3_6ce4_455f_9d83_1ef6ee084439_0 36 south 32 29417 58832 588313
0353 3_87_b6bbbf27_4508_4f97_9cf9_7e6355df607e 35 north 32 29720 59439 594378
0354 3_87_c26dbe9a_56b3_49c3_9b53_8044d4a4d779_0 35 south 32 29518 59034 590335
0355 3_87_ce566307_9640_439c_936d_223ff887830d_0 35 north 32 29507 59012 590107
0356 3_87_dbae61eb_3e1b_4d8f_b8f5_94780a66324d 29 north 32 30687 61373 613718
0357 3_87_f52f75d1_864b_4b53_a9f5_d422e6d5c97c 30 north 32 30493 60985 609842
0358 3_87_fddb62e9_4a9c_4d06_b165_f2102a591bcb 34 south 32 29750 59500 594990
0359 4_17_4f41c5b7_2d16_444f_8296_909a53839620 41 north 32 35450 70899 708978
0360 4_27_7004fccb_9c55_48fa_98a9_e4fb8c1a579b 34 north 32 36364 72727 727263
0361 4_27_c583b2b3_b87c_4f0e_9db6_da026b8dc7fe_0 38 north 32 38333 76665 766643
0362 4_6_d527a345_8a95_493f_98b6_14be03730f06 51 south 32 37808 75614 756130
0363 5_13_d5d218c2_ae0f_4691_abdd_4132807b81e0 18 south 32 30732 61462 614612
0364 5_57 30 north 32 39233 78465 784640
0365 6_11_2548baed_8f73_4108_aabe_dfe82eeb635d 51 south 32 32593 65185 651840
0366 6_11_6b2a9fc8_d565_461e_b5d2_fb5880e467a7 54 south 32 32768 65535 655347
0367 7_67 45 north 32 36924 73848 738464
0368 7_94_74382ec6_5b84_49c1_a6fb_caa9c36be3b7 39 north 32 39313 78625 786249
0369 1_81_5b46db40_6f01_4398_8166_bb1f34bfe720 50 south 31 29533 59064 590635
0370 3_48_0a07d550_fe90_4a61_9d41_d738199086f6_0 15 north 31 32210 64420 644200
0371 11_13_e98fe3b4_2e84_4edf_aecb_b3705b47068d 35 south 30 31385 62770 627693
0372 11_30_fc8ce026_0f80_4733_afac_b796b71d23a9_0 43 north 30 33914 67828 678273
0373 14_197_24453204_9ced_4aae_bee9_0a2009a50f3e_0 17 north 30 41609 83218 832172
0374 14_69_da134798_61df_4a6a_934d_3b0c08cea97b_0 21 south 30 35260 70520 705190
0375 17_2_0 44 north 30 35878 71754 717529
0376 17_50_90dd4ce9_6abe_458a_8168_007acd93cd48_3 9 north 30 48812 97623 976224
0377 1_89 22 south 30 29577 59153 591523
0378 25_102_0612589f_1410_46df_aa7c_93a5847f3d53_f04b772a_530d_4982_ad96_4d76c20df65a 37 north 30 81683 163365 1633645
0379 25_102_7518de3a_25c4_4ca3_b736_5ed0e4c79e4e_cef43090_a8bb_4ac5_a2a3_3279fa5d4799 42 north 30 63169 126337 1263362
0380 25_102_a8e17245_17bf_4dca_b6ba_73be4baa04c6_0_13def60d_387d_4710_b58b_76d4309916e5 32 north 30 65178 130354 1303527
0381 25_102_a8e17245_17bf_4dca_b6ba_73be4baa04c6_0_62a88361_5fed_40f3_953c_ab88fc1e3d17 34 north 30 65178 130354 1303527
0382 25_102_a8e17245_17bf_4dca_b6ba_73be4baa04c6_0_cbf7e15c_cced_4e87_a9dd_6efcb0af32be 34 north 30 65178 130354 1303527
0383 25_102_aa5fd30e_9601_4eeb_abc2_70339496f513_310a12ec_daed_463c_8ac6_676524282f57 37 north 30 63203 126405 1264039
0384 25_102_aa5fd30e_9601_4eeb_abc2_70339496f513_cf1014e6_b8fe_47bb_b213_a86998cab845_0 37 north 30 68459 136917 1369154
0385 25_136 53 north 30 35984 71967 719654
0386 2_103 47 north 30 29930 59859 598588
0387 2_78_9befff3a_dc0b_4720_9958_987b0514e30c_0 21 south 30 29495 58990 589893
0388 3_64_6497e225_a2c4_4af6_9b80_70de27c40bb2 43 north 30 31375 62750 627492
0389 3_64_9342b68e_8dd7_493f_a118_43dce99557a5_0 45 north 30 32589 65177 651759
0390 3_64_caca16da_2676_4815_b339_45bc1b206b85_0 43 north 30 32617 65233 652314
0391 3_85_890b717a_85e6_4e2b_a19c_124a0dff5063 46 north 30 32243 64485 644849
0392 3_87_5645abe0_c591_4ace_8c59_39a2f2e42f5d_0 30 north 30 29743 59485 594850
0393 3_87_5b198ea0_f1ba_4499_bc5e_ef8c632cebbf 32 south 30 29424 58848 588469
0394 3_90 18 south 30 30023 60045 600447
0395 3_91_5223d599_d8b9_4555_a95b_1aa7ef1181a7 21 south 30 29769 59537 595353
0396 4_17_5a388d28_d250_4d19_af99_7c8ba6cdd341 40 north 30 35353 70705 707045
0397 4_17_ebbf64ae_bb09_4bc0_b1d0_29075b277022 41 north 30 32208 64414 644128
0398 4_27_774d4d4a_e109_43ad_ba0c_4f7c0ca39d54_0 28 north 30 32024 64047 640459
0399 4_30_16e96574_e091_499f_94ca_7ec8747c1e26 38 north 30 29984 59968 599672
0400 6_11_89c88345_9e49_460b_ae18_d7fec5cad053 54 south 30 32269 64538 645373
0401 6_38_0f834617_0cc0_4e10_8810_ae0200c30a62 33 south 30 31912 63823 638217
0402 6_38_54e5b1ce_244d_45c7_9142_bea0bd6b0697 34 south 30 31925 63849 638483
0403 6_78_1333d701_cf26_434b_8e78_fed7f969377c 43 north 30 33457 66913 669125
0404 6_78_329d564c_d249_46ca_8de5_2b4cdf340d99 42 north 30 34107 68212 682102
0405 6_78_b0096734_6757_4236_91a4_3f30d748c984 43 north 30 33400 66799 667979
0406 6_88_13b96a59_ed80_49a5_8859_3d74a18e293c 34 north 30 30054 60107 601053
0407 6_88_16d79910_d36e_4a01_a7f7_700a924b4893 37 south 30 29638 59274 592733
0408 7_36_373f50b4_21db_490a_8baf_b7f43899f248_0 11 north 30 37173 74345 743445
0409 7_68 41 north 30 32527 65053 650519
0410 7_88 36 north 30 38989 77978 779774
0411 7_94_3e5a1433_2418_4850_8798_313a1ff991f8 39 north 30 35412 70823 708224
0412 7_94_40aed352_c017_4157_9f3a_b1b4251c27b4 49 north 30 42423 84844 848435
0413 7_94_6c14f0b5_8acb_496d_879b_bdcf64b86ab9_0_c4dd50bc_ef94_469d_bca3_6e915b4b5e80 38 north 30 61689 123377 1233752
0414 7_94_bb6f1329_2eb7_4c6a_90fd_1b3f1efb4cd7_0_a5d944ed_2a96_4bac_9d06_4a63af4161b8 41 north 30 61704 123407 1234063
0415 7_94_bb6f1329_2eb7_4c6a_90fd_1b3f1efb4cd7_0_fe4e4c99_c83b_4aa8_b517_fd4e322217c0 42 north 30 61704 123407 1234063
0416 8_14_0 36 north 30 29859 59718 597170
0417 14_129 9 north 29 43615 87230 872298
0418 25_44_c37f285f_ff46_454b_b708_79c39d4451a4_1 19 north 29 72628 145254 1452534
0419 2_78_ea9a69f6_9e4e_48b1_a53a_03e804fbb4da_0 20 north 29 29708 59414 594134
0420 3_21 38 south 29 31323 62645 626447
0421 4_27_4b25109d_d4f2_485f_9895_988ebc2f8b11 39 north 29 31418 62835 628344
0422 8_48_a0607cad_cb26_4dd5_a142_d22afe9d3f27_0 10 north 29 32638 65275 652740
0423 8_74_ad11a41e_a724_4c62_9411_74c785fdddcd 36 north 29 32388 64774 647729
0424 11_10_cfa1a622_1abb_4a10_81f4_aee1af692849 19 south 28 31389 62778 627775
0425 11_13_a8efc345_2f7e_43ba_a42b_7b221c293adb 34 south 28 30485 60969 609688
0426 11_13_fec6fcb4_9df8_4ff0_aca6_3d0d0f95fe7c 33 south 28 30488 60974 609733
0427 11_30_e358017c_1020_4ce1_9d77_73e8aa4b15eb_0 46 north 28 36334 72667 726660
0428 11_32 37 north 28 29957 59913 599115
0429 14_197_23b28914_803f_4a5e_9fb7_45f5b45e3e70_0 14 north 28 39987 79972 799710
0430 14_197_88bb2b74_d815_48b2_a91d_19a6e6a25c4f_0 17 north 28 38525 77049 770485
0431 14_197_a86846c8_b344_456c_b9f4_d5ff3aa348e0_0 15 north 28 37067 74133 741318
0432 25_102_5429693e_ede8_42e5_9f6b_82257bf79512_0 46 north 28 59288 118574 1185732
0433 25_44_78b69e3f_e8d2_4384_8daa_3a59fea7f71d_0 10 north 28 51634 103268 1032668
0434 3_87_1f3063d3_231a_4278_9ae3_63d27c177781 36 south 28 29512 59023 590218
0435 3_87_b178847a_0ece_4838_a20b_72e8c9e254c2 32 south 28 29243 58484 584835
0436 3_91_a862429b_46c6_4e15_ba6b_50a59497b024 23 south 28 30939 61878 618768
0437 4_17_7d288d47_b527_4c30_b3fd_5fc7037ab569 42 north 28 35422 70843 708425
0438 6_59 40 north 28 38790 77579 775787
0439 7_11 52 south 28 37632 75263 752617
0440 7_94_3def60a9_7af4_4b58_8662_d95470db12ca 40 north 28 39282 78563 785623
0441 14_144 29 north 27 47622 95243 952418
0442 17_50_e8131374_dec7_4bed_8fd9_461a5f687f15_0 10 north 27 30412 60823 608220
0443 1_94 50 south 27 29613 59224 592234
0444 21_20_17242a54_aca1_4d9e_afd1_a71c4676bfb0 46 north 27 41010 82019 820187
0445 21_20_7832e89f_7de8_4276_ac3f_e9313737fe79 48 north 27 41225 82450 824490
0446 25_102_d018e04f_a790_4963_9cfc_3062fe4c8e18_4bfa715a_bb2b_433b_a939_31240a3324c8_0 34 north 27 81303 162605 1626044
0447 25_102_f53da36b_91e2_4633_ac40_d50f4078aac0 33 north 27 54655 109309 1093083
0448 2_66 48 north 27 30464 60928 609269
0449 3_64_30364865_9d9a_43b5_b097_44f8a761d968_0 43 north 27 30527 61053 610524
0450 4_6_56df8f25_cb7e_4dc2_82ad_e8f348a22ce8 50 south 27 36283 72565 725639
0451 4_6_c83db432_e7d1_45af_8f0c_932c9d895125 50 south 27 33023 66045 660448
0452 6_32 38 south 27 30498 60994 609937
0453 7_94_3da8b3f4_e2b7_44e8_90da_5c41ee534214 46 north 27 64549 129098 1290968
0454 7_94_6c14f0b5_8acb_496d_879b_bdcf64b86ab9_0_196161a2_1cf7_4664_8b2f_97b309d1144d 39 north 27 61689 123377 1233752
0455 7_94_6c14f0b5_8acb_496d_879b_bdcf64b86ab9_0_2d46d813_3aa0_4d5c_b92b_6cff76af60b1 38 north 27 61689 123377 1233752
0456 7_94_6c14f0b5_8acb_496d_879b_bdcf64b86ab9_0_98774433_b797_4dc0_9df2_7b49f712333d 39 north 27 61689 123377 1233752
0457 7_94_c3d9115d_78b5_4c18_bb7a_25462a7f8dcb 46 north 27 43384 86768 867672
0458 7_94_deb38112_ea01_4010_8461_0cd091e6b0e9_0 44 north 27 42313 84625 846248
0459 25_102_071b7fc2_3a23_4ed0_9a5d_054b3295a75f_24b79948_8a74_4506_aab6_8f9b19502131 49 north 26 103130 206259 2062582
0460 25_102_512c184c_8c8f_4913_8649_8960531e1747_0 33 north 26 58702 117403 1174019
0461 4_27_2175e2b1_2be6_4789_be59_1029927945a2 37 north 26 35094 70187 701852
0462 4_27_4f6e9895_9a3b_402c_8e13_90a915f0bc1a 28 north 26 36268 72535 725340
0463 4_27_db234d2e_2c88_4163_9be5_89a1227279ed 33 north 26 39564 79127 791260
0464 11_10_1778f590_8568_4183_9675_96a934caaa3a 20 south 25 32585 65169 651680
0465 11_13_a3ff6961_2d71_4497_ac96_24d976ad93b6 35 south 25 30879 61758 617574
0466 14_17 19 south 25 30824 61647 616455
0467 17_43 43 north 25 37858 75715 757147
0468 1_100_40f3ef25_b78d_4cfc_8578_144d969d7d03 19 south 25 29578 59154 591537
0469 1_100_7aa1c774_3bbd_43a0_9211_5217140507ab_0 20 south 25 29594 59188 591864
0470 1_34 18 south 25 30002 60003 600018
0471 1_74_9435e317_8045_44ab_bba7_cb9ff452496f 54 south 25 29553 59104 591037
0472 1_87 47 north 25 29632 59262 592609
0473 25_102_0c8caf36_a43d_4943_af31_3b820a21fe00 37 north 25 53907 107812 1078104
0474 25_127 54 north 25 42080 84159 841582
0475 25_43 54 north 25 31392 62782 627812
0476 2_67 15 north 25 30875 61749 617477
0477 3_48_1da2f997_73fb_4105_9203_9bf1a33ef4fe_0 14 north 25 30837 61673 616718
0478 3_63_0 12 north 25 31322 62643 626419
0479 3_85_7bd6cc07_e23b_4126_9110_7b09c9fda71f 47 north 25 31365 62729 627287
0480 3_85_9b1eb64e_9ceb_4450_81f3_8257d2794600 47 north 25 30618 61234 612337
0481 3_85_eb01788f_804e_4cb9_b8e6_ebc454fdc5ea 47 north 25 31450 62899 628979
0482 3_87_0f06099d_36e4_4927_8208_a5230aff3ffc_1 35 south 25 29597 59193 591914
0483 3_87_d4b92fed_2462_490b_84ff_920d12a6f000 28 north 25 30214 60428 604275
0484 3_98_b164d7d2_3815_44cd_9f71_708833d41c03 36 south 25 29927 59853 598515
0485 4_20_282276af_2678_454e_a3e7_01bc3f76ba88 11 north 25 32097 64192 641903
0486 5_58_0 39 north 25 34479 68958 689575
0487 6_56 29 north 25 36497 72992 729908
0488 6_72 43 north 25 31760 63519 635188
0489 7_94_15d7131d_f50c_4afb_b4a3_d891293af607 40 north 25 35479 70958 709572
0490 14_69_9429a4a7_f1e0_4f50_9ec8_6a6771bbe4c4 22 south 24 33374 66748 667464
0491 17_23_0 56 north 24 34662 69323 693214
0492 21_0 45 north 24 36332 72663 726617
0493 21_10_f067ba5e_6a0a_473b_86a1_abfc2091c465 47 north 24 51173 102344 1023433
0494 21_20_363e9f81_db19_4923_9506_37b94e41b7ae 47 north 24 40662 81322 813204
0495 25_102_04f97274_b806_43ca_b694_4116c9f986cc_6 48 north 24 75537 151073 1510717
0496 25_102_071b7fc2_3a23_4ed0_9a5d_054b3295a75f_32ff19df_6e3b_44ba_82bc_419252f8a444 51 north 24 103235 206470 2064698
0497 25_102_1a23c5b2_7ba1_444f_86ba_63d63dd8f376_b0eaf0a8_6867_40aa_b031_ccf48cc31519 40 north 24 71497 142992 1429909
0498 25_102_1a23c5b2_7ba1_444f_86ba_63d63dd8f376_f24fd1f1_efa2_4aae_b88e_1df5b51c196e_0 38 north 24 71393 142784 1427833
0499 25_102_1e28bc13_e3fe_4a62_8737_636e3312528e_16fe3cf1_67d1_4647_8783_8cf14a19ce34 40 north 24 102659 205317 2053153
0500 25_102_31e1170e_2d68_4c6a_99b5_1fe36850610e 32 north 24 56235 112470 1124699
0501 25_102_53c5c657_0e1a_4257_bf63_da1f9646c214_43c02a80_1d5b_40bb_9af0_3227e5d26f09 46 north 24 103508 207014 2070128
0502 25_102_53c5c657_0e1a_4257_bf63_da1f9646c214_f1dea11e_100b_4e23_abc0_c8b008f654e7 47 north 24 103012 206022 2060208
0503 25_102_9b851f17_ce00_4cff_991a_b7cefa34c72d 53 north 24 44309 88617 886158
0504 25_102_ada76b9b_0625_410d_bde6_824263252ff5_3323a01c_78ed_4e3f_aac5_66646e346867 42 north 24 102797 205593 2055923
0505 25_102_ebf2b3ff_5133_41ab_8e43_74d6cc115a15_0 44 north 24 55349 110698 1106975
0506 25_44_493af2f4_c652_40eb_9594_d793b0b4f68f 8 north 24 64714 129428 1294270
0507 3_87_02c7c03a_d85a_4256_88c3_0544b42ec033 33 south 24 30088 60174 601730
0508 3_87_74f4f5f8_a00f_45fb_b064_4ce7eeac7de6_0 35 south 24 29479 58958 589574
0509 3_87_97358e35_dc17_4f5a_bb10_a8d71d833eaf_0 31 north 24 30005 60010 600099
0510 3_87_a6850476_b6be_4be8_aba3_54f2fb721b9d_0 30 north 24 30095 60189 601879
0511 3_87_da5d8496_7566_4425_81cb_ddaf5543bafa 35 north 24 30025 60049 600485
0512 3_87_fc1cd7e8_bf7d_448c_a923_b64eedafdc5e_0 34 south 24 29534 59067 590662
0513 3_91_1a690767_45a5_444e_a425_9d02fd53751e_0 22 south 24 31937 63872 638708
0514 3_91_64bb1625_e848_47ad_9823_75e7747b642e 22 south 24 30929 61858 618564
0515 4_27_337722d5_b9ba_4fef_bd0e_4da721f7e6f4 38 north 24 35030 70059 700587
0516 4_27_527b6ed3_ad1a_4a58_822c_ae400b47392d 35 north 24 35585 71169 711680
0517 4_27_59e4cfa9_b3d4_4153_a6ec_fde5675d42a5 34 north 24 34855 69709 697088
0518 4_6_aadaaece_c12c_4b15_a097_eeda8155cd0a 51 south 24 36248 72494 724930
0519 6_11_75d4a93b_7781_4b91_b4b4_8c43d9b8dd44 54 south 24 32512 65023 650214
0520 6_11_b9ff3285_bdcf_4007_8150_6f7799cab3dc 55 south 24 31953 63904 639029
0521 6_30 20 south 24 31339 62678 626768
0522 6_38_93edf099_d102_4b96_a26d_cb0beb9ac19f 34 south 24 32913 65824 658235
0523 7_94_2838ba10_71f4_4ab3_814f_55e7a8dd0751 49 north 24 46734 93467 934652
0524 7_94_5b31aaae_580d_41b4_b92d_923b04111484_0 45 north 24 38820 77640 776389
0525 7_94_a0a59490_7d0c_460d_9391_ea2ffe87744e 41 north 24 59000 117999 1179977
0526 7_94_bb6f1329_2eb7_4c6a_90fd_1b3f1efb4cd7_0_e477fbdd_849f_4024_9bcc_f5ee9c9207f6 41 north 24 61704 123407 1234063
0527 14_69_7a00df07_c935_4c17_b24b_82c04ec79e30 20 south 23 36304 72607 726053
0528 1_67 16 north 23 29864 59727 597262
0529 21_9_1e62cf18_5bbe_4443_9d4f_15d608dbdd77 54 north 23 91172 182342 1823410
0530 2_102_0 18 north 23 30043 60085 600848
0531 2_87_e308325d_09bf_42e7_a691_b105af6756d4 31 north 23 29499 58997 589952
0532 3_6 51 south 23 30722 61443 614415
0533 4_27_fc3a2fe2_ef60_4f84_a33e_dd6abc5ea106 35 north 23 34769 69538 695373
0534 4_27_fd7c2d90_04aa_4872_8b9d_58d2e249d5cd 38 north 23 35770 71540 715395
0535 6_88_c60b8ca4_a642_404e_8696_0ac9fb5f3292 38 north 23 29608 59214 592132
0536 21_10_1f80d21f_6658_4f1a_b3d2_f45f13123698 52 north 22 32109 64218 642175
0537 25_102_1e28bc13_e3fe_4a62_8737_636e3312528e_643babef_b5df_4deb_879b_261a9108281b 39 north 22 103032 206062 2060613
0538 25_102_ada76b9b_0625_410d_bde6_824263252ff5_7204027f_0765_4e2e_84e0_20fbb9fb459c 44 north 22 102909 205817 2058154
0539 2_77_0 16 north 22 30235 60469 604687
0540 3_64_27f276a3_3b0d_4b98_a558_eed496017387_0 44 north 22 31369 62738 627369
0541 3_85_487bb535_bc4f_4e50_ae5d_ac30d15b7146 48 north 22 30215 60430 604292
0542 6_13 17 south 22 29825 59649 596483
0543 14_197_6cbb27e9_3fa3_41bb_aa7e_1826729deacc 14 north 21 42549 85097 850955
0544 21_10_25d11c3d_fb35_4bbc_ac03_385483606d04 51 north 21 40847 81692 816908
0545 25_102_3ef908da_db97_489e_8dba_e770ab2d2494 31 north 21 54877 109753 1097514
0546 25_102_e5726d05_b15d_4367_b9b8_2f1747d12cfc_0 57 north 21 78024 156047 1560453
0547 2_41 38 south 21 30047 60093 600925
0548 2_78_4f1ba6da_4885_409a_a61c_a76a8e2da1bf_0 21 north 21 29514 59027 590258
0549 3_82 18 north 21 30153 60305 603049
0550 3_87_601cbb09_2b1d_40b6_9909_e533187b4e65 31 north 21 30424 60847 608457
0551 4_27_98619533_a11d_4613_bec4_acb10dbe0bbc_0 38 north 21 41159 82318 823174
0552 7_19 34 south 21 40747 81493 814922
0553 8_19 19 north 21 29809 59617 596162
0554 11_13_15ed5d03_34ac_4869_bf99_d83803696556 34 south 20 30462 60923 609224
0555 11_13_6ef374dd_6a52_46ce_b9b1_23da271b2528_0 36 south 20 30145 60290 602899
0556 11_13_6ef374dd_6a52_46ce_b9b1_23da271b2528_1 36 south 20 30114 60227 602257
0557 11_13_94e37704_4c59_4684_9029_e422cb61ceb0 35 south 20 30232 60462 604608
0558 11_30_4ea0ad51_e92c_47b4_8232_007268a07940 47 north 20 32967 65932 659307
0559 11_30_7d878ed1_6081_40ed_806d_1a10a8c438e6 48 north 20 31542 63083 630814
0560 11_6 38 south 20 30777 61552 615507
0561 14_174_5baf4b56_fae7_4e62_8d7e_7985f2c708ad 30 north 20 53807 107612 1076105
0562 17_26_807131a4_7912_4765_9905_63c841360511 9 north 20 49152 98303 983015
0563 17_36 11 north 20 44790 89580 895789
0564 17_8_0 43 north 20 35947 71893 718923
0565 1_100_363466bd_706a_4974_8154_3afa0fdcd205 19 south 20 29927 59852 598503
0566 1_100_5e5037d7_0d5e_443a_ac0d_2fb176f70764 19 south 20 29698 59394 593928
0567 1_100_d6b9f2ef_a94e_4236_b875_8467363742a2 19 north 20 29593 59184 591837
0568 25_102_04f97274_b806_43ca_b694_4116c9f986cc_0 47 north 20 47975 95949 959477
0569 3_4 36 south 20 31063 62125 621250
0570 3_64_e64c89d6_b082_412f_ba00_8d9b84fd52a6 43 north 20 31564 63127 631259
0571 3_85_1c65d698_a574_4b3c_9376_0af6e4b4597d 46 north 20 30505 61010 610100
0572 3_87_0f06099d_36e4_4927_8208_a5230aff3ffc_0 35 south 20 29747 59492 594910
0573 3_87_78940596_8df9_4db7_b604_289700bc8e7d 36 north 20 30012 60022 600204
0574 3_87_79f551a7_52c9_4606_ad53_61c94e1bba1a 34 south 20 30065 60130 601299
0575 3_87_f093fc02_f35d_4325_a94e_2a44629bb317 32 south 20 29752 59503 595018
0576 4_17_eda462ed_c129_41cc_bce3_f79ee9680580 41 north 20 34108 68214 682138
0577 4_2 18 south 20 30170 60340 603389
0578 4_27_20250550_787c_4fe0_ae87_377a46a1a246 36 north 20 33507 67012 670103
0579 4_27_f661fdc5_a3d2_4a92_a140_676ee99e5069 28 north 20 31608 63215 632148
0580 4_37 17 south 20 29809 59618 596169
0581 5_29_0 45 north 20 44250 88500 885000
0582 6_11_1ab56652_9414_4c1c_a650_e286aea4a679 54 south 20 32239 64478 644767
0583 6_11_a3ad4b1e_72a4_4582_aaee_436c87030148 55 south 20 34065 68129 681284
0584 6_22 36 north 20 29599 59197 591957
0585 6_3 50 south 20 32975 65950 659498
0586 7_81_0 50 north 20 36772 73543 735418
0587 7_94_1c802546_b30b_4a28_abe9_311fd61d0603_0 38 north 20 44948 89894 898927
0588 14_69_8ae4980e_df64_4ca9_b278_55dd411a9f66_0 22 south 19 31515 63030 630290
0589 1_72 51 north 19 29818 59634 596329
0590 21_10_28e18a8e_f7ce_4261_bc46_b57aa7dc9796 50 north 19 46338 92674 926732
0591 3_85_a9d7121e_4c1e_42b0_bae3_d7ededa0849c_0 48 north 19 30824 61648 616464
0592 4_20_1933bfc1_7531_49a3_b386_ea2b146ee284 12 north 19 33408 66814 668132
0593 7_82 10 north 19 36228 72455 724549
0594 11_13_2f555127_6623_4517_aca8_1178d275a83d 36 south 18 31172 62342 623410
0595 14_7 55 south 18 40440 80879 808788
0596 17_37 42 north 18 41474 82948 829464
0597 21_9_753c90ee_59e9_4500_a197_64fd6432d213 53 north 18 57550 115100 1150998
0598 2_56_0 14 north 18 31660 63320 633195
0599 3_64_035c52a4_0321_4572_8ebf_baae7a726de3_0 44 north 18 30533 61065 610640
0600 3_76_7ab1dd89_45c1_49b0_a590_0ac2c5ba23b6 20 north 18 29859 59718 597168
0601 3_85_75809054_f24d_42b1_a52c_db80b9878671 47 north 18 30194 60387 603858
0602 4_30_e8a6095c_cef8_4cec_a1f9_efcdd8f15786 38 north 18 29703 59405 594045
0603 4_5 19 south 18 30902 61802 618010
0604 4_6_c32a7d15_ceef_4727_bbcc_9be96b70f9ab 50 south 18 37448 74894 748932
0605 5_38 12 north 18 33073 66144 661434
0606 6_38_97a5626c_179e_43db_90d9_582a498c8d90 33 south 18 29829 59657 596553
0607 6_88_4d5d421f_60ad_455a_b700_7484fdf7e154 37 north 18 29782 59563 595615
0608 7_39 12 north 18 33073 66144 661434
0609 7_94_80ae9a0f_3c85_47d7_9f17_cbc51f4717c9 47 north 18 43660 87319 873184
0610 1_37 48 south 17 29772 59542 595413
0611 25_102_e2ae18fa_0345_4e21_b7c3_12d18eee49cf_0 35 north 17 50745 101490 1014899
0612 2_64_0 50 north 17 30170 60340 603393
0613 11_15 43 north 16 30015 60029 600278
0614 1_81_23d4846f_42cc_4df7_a465_548d77bd6830 49 north 16 29533 59064 590635
0615 25_102_043344f1_e6f3_4f5e_b2f1_0d25c7205c0f 35 north 16 40592 81182 811804
0616 25_102_286f4de3_2b05_4375_80c5_5c947123e156 57 north 16 50655 101309 1013085
0617 25_102_29d57b3d_5db2_4965_ad5d_08d5381359a7 34 north 16 40030 80060 800600
0618 25_112 43 north 16 38750 77500 774995
0619 2_20 18 north 16 29640 59279 592785
0620 2_87_0945e903_81cc_4f48_bbdb_090fb9eb9469 33 south 16 29603 59205 592040
0621 3_118 22 south 16 29672 59342 593410
0622 3_19 34 south 16 30717 61433 614319
0623 3_87_5d05cacd_6bfd_4953_94a1_559dba5aea71_0 36 north 16 29674 59348 593464
0624 3_87_fc411a83_9f8a_486c_84a4_85f4c9268240_0 37 north 16 29705 59410 594100
0625 4_17_6ef2aec6_f7d9_4aa2_b211_3dda2d740522 42 north 16 32358 64715 647149
0626 4_27_90061414_626d_42a5_acc2_819cd7fd5d02 39 north 16 34389 68777 687752
0627 4_8 35 south 16 31792 63582 635812
0628 5_48 36 north 16 34502 69003 690020
0629 6_11_02fca8bc_c29d_4828_88df_8218d1d98a37 55 south 16 32389 64778 647767
0630 6_11_56fd27c6_4971_41c7_be3a_20b90a736e89 54 south 16 31625 63250 632493
0631 7_36_0d5721b0_d4dc_4b55_9816_58ef6ee3e17c 12 north 16 40395 80789 807879
0632 7_36_106f2034_5d68_44dc_aeff_48ec03192d16 11 north 16 34753 69504 695032
0633 7_54_0 10 north 16 41015 82030 820294
0634 7_94_e84cd8ac_7660_4288_8ea9_f4521d9b3a88_0 38 north 16 43969 87937 879358
