0001 11_30_7a75b413_07ae_4894_bba4_73edad4b845a 43 north 60 27773 55545 555442
0002 11_30_e4db8b2d_12be_4e73_a6fe_c84ea4c23980 47 north 60 29558 59116 591159
0003 14_61_5983ba09_709b_467e_b3d1_6eca41559fae 55 south 60 25609 51218 512176
0004 1_100_06018005_adc9_4444_855b_921e8cd405a6 17 south 60 23445 46889 468885
0005 21_10_ea9c2c5d_1e8d_4bca_bb0a_3cf51e9f6404 52 north 60 50302 100604 1006037
0006 25_102_7382c7f4_921a_4eb0_b33f_84801e0668e6 36 north 60 70342 140684 1406832
0007 25_44_371afa8a_bfac_40c7_92b0_ce168f4f475c 15 north 60 39055 78109 781082
0008 25_44_45dab36e_67d9_4ba0_a243_a73ed6b6ed11 12 north 60 51247 102493 1024928
0009 25_44_a567493c_b18d_49e5_8b75_c4a112618ec3 17 north 60 51393 102785 1027846
0010 25_44_ad440df4_4231_4bbf_b75e_94bfbc99a123 14 north 60 51059 102117 1021169
0011 25_44_c8600a13_c340_4202_98a5_f7cdb6369fdb 15 north 60 35707 71413 714122
0012 2_79 28 north 60 23798 47596 475960
0013 4_27_8768d480_d18e_48f6_a3bb_973df71ee05f 36 north 60 24786 49572 495714
0014 5_60_13f68f3b_ea88_4707_93dc_e5d915beb616 43 north 60 35408 70815 708144
0015 11_3 35 south 58 25187 50374 503739
0016 25_102_caee3715_634c_436f_8ef5_3b61c39960c0 34 north 58 70486 140971 1409704
0017 25_44_0f4014d8_35bd_42e1_9034_f858da74f1a4 8 north 58 49026 98051 980503
0018 4_27_e5f47074_836f_45c5_8c97_1cb5121449c7 37 north 58 24481 48962 489613
0019 25_44_e16bfd9a_12fa_4deb_a4c5_6d19e0b27b20 3 north 56 58716 117432 1174317
0020 3_76_69fe6382_8a8c_480f_ace8_07da1406ddfb 20 south 56 23603 47205 472050
0021 4_17_664b0ca6_f286_4aa4_b7a0_27c6a7047bb1 42 north 56 27848 55696 556958
0022 6_25 36 south 56 23808 47616 476156
0023 7_36_4fb0d938_632e_448d_9aef_09acc9326063 13 north 56 27458 54916 549154
0024 7_36_cbdfee7a_05f0_4993_95b8_3f5e71ff68a8 13 north 56 26459 52918 529177
0025 11_13_37ebd9c2_344e_4b1c_9435_7d604baff2a6 33 south 55 25050 50100 500999
0026 11_30_3833a9b5_63cc_4ffb_86d1_788d9f09d8ab 49 north 55 31839 63677 636761
0027 11_30_fbcb6c25_c00d_45af_bea9_3b2c502f7600 45 north 55 27912 55823 558227
0028 1_74_93a7deac_9c99_4948_bce6_76e3790459c6 52 south 55 23335 46669 466683
0029 25_44_fe38a323_baab_4c91_a5ba_0af1a0164b30 13 north 55 38934 77868 778679
0030 4_27_a6f917db_e6fa_42c2_ade3_7d3bebac276d 34 north 55 26649 53297 532964
0031 5_13_5523fa02_6ef5_4c3b_b733_5b70a7093aea 19 south 55 24540 49080 490799
0032 5_60_9fed7fbf_e4fe_422a_884f_522348258199 44 north 55 35157 70314 703135
0033 6_49 39 north 55 29745 59489 594886
0034 7_36_7be652de_1d6a_4b01_bda5_69a73c8545b0 12 north 55 25159 50318 503179
0035 25_44_430ee568_7276_48e4_88d2_6a16fdecca27 19 north 54 51256 102512 1025114
0036 2_104 43 north 54 23981 47962 479615
0037 3_91_d96d37aa_c13b_4586_990f_774c3660dffd 21 south 54 24756 49511 495110
0038 6_88_2cef54de_62c8_465e_ae46_d45432038fde 30 north 54 24049 48098 480979
0039 7_22 50 south 53 31531 63061 630607
0040 7_28 34 south 53 25851 51701 517005
0041 21_10_fcc9447b_fae6_4307_8729_90d9575e5b12 46 north 52 52867 105734 1057333
0042 25_44_0b983b45_cace_4f68_872a_9a4a54818748 10 north 52 65070 130139 1301385
0043 25_44_a806cb80_3e4d_43a7_9a50_46a04f514eb0 8 north 52 65062 130124 1301231
0044 2_78_3d44e11a_d7af_43d4_9dc4_cb3d9debf0be 21 south 52 23492 46984 469836
0045 7_86 29 north 52 32736 65472 654714
0046 14_68 35 south 51 27038 54076 540751
0047 3_88 17 south 51 23803 47605 476047
0048 3_98_6b007cd1_6fd8_49d9_a8a9_2e661a742032 37 south 51 23851 47701 477010
0049 1_74_a8c53bcb_22ae_4700_8c7d_a28a8bc8eaf6 54 south 50 23791 47582 475811
0050 25_44_8884fb37_1fbf_4636_b047_83df33f7aeef 19 north 50 42619 85237 852368
0051 25_44_ceb6ac75_475a_455b_b89f_9e2e83c0a835 13 north 50 40482 80963 809627
0052 3_91_740532db_6703_4bff_a78e_e2cc5222132b 19 south 50 24078 48155 481546
0053 3_91_75612dfc_ca1f_447f_b886_44dd7af19020 23 south 50 23864 47727 477261
0054 4_17_98f6ce28_48e3_47bc_b94b_237cfe5ae451 39 north 50 28685 57369 573688
0055 6_10 49 south 50 27991 55981 559810
0056 7_94_07f1ff86_52b9_4c71_83e3_5a9517e2a523 49 north 50 40660 81320 813191
0057 25_44_55ad6cdc_6fdf_4056_a2d7_30f5511da5f9 18 north 49 61156 122311 1223110
0058 2_57 46 north 49 24573 49145 491446
0059 2_78_f86b3ef3_7005_4b08_8ba0_0bc6fd42edba 20 south 49 23550 47100 470998
0060 5_12 51 south 49 31421 62842 628420
0061 6_38_8a371cc7_fa5d_4d34_a87b_5d92561d29d6 34 south 49 25101 50201 502004
0062 8_11 50 south 49 26397 52794 527934
0063 25_102_5c70f84a_7cc0_49af_a018_c2bcdc9dfcdc_ac98a620_197b_4905_8ad8_5a3280263395 42 north 48 60878 121756 1217554
0064 25_102_9eec1bf9_f725_4417_a4e6_9c3bb9970660_07d1d7e0_d8a5_439f_b3a9_da71b314d713 38 north 48 60726 121452 1214516
0065 25_102_9eec1bf9_f725_4417_a4e6_9c3bb9970660_659c1c5f_c0ad_44c7_8cc1_311d0d8c52e1 40 north 48 60808 121615 1216144
0066 2_78_8da22a1b_3990_4047_a60a_0767ff37db73 19 south 48 24212 48424 484237
0067 3_91_e0aab820_4060_4107_b586_f43ca612d3ca 20 south 48 24787 49574 495735
0068 4_27_bc44a18f_5d4b_4367_9cbe_45dca7d405d1 29 north 48 31433 62866 628658
0069 5_13_dc8ef5c2_92fe_4ade_b71d_e39b41311a0e 19 south 48 24793 49586 495858
0070 6_33 19 south 48 26005 52009 520088
0071 6_88_3ccbdb3f_eac0_45a4_a3d9_4d9bf1ceb2ca 37 north 48 23904 47807 478061
0072 7_36_3b349515_030e_4d51_8ae9_f4f8472e83ac 12 north 48 26107 52214 522135
0073 7_36_c3384b14_6d3e_4c4c_a617_e75d9ccea1ce 12 north 48 30148 60295 602943
0074 7_36_d4a7b309_e2d6_4ae4_a125_55331d2b36e8 13 north 48 25130 50259 502589
0075 7_94_31a2bb69_2412_4186_a866_6962cf5c53c4 43 north 48 35614 71228 712280
0076 17_50_90dd4ce9_6abe_458a_8168_007acd93cd48 9 north 47 38865 77729 777285
0077 25_102_503e1b02_7394_432d_94d5_a5c625fbe5e1 37 north 47 34410 68819 688182
0078 3_14 38 south 47 24379 48758 487573
0079 6_89 43 north 46 24722 49443 494421
0080 11_30_083b4766_0577_4f83_9eb6_0ae6e87730fb 44 north 45 29371 58742 587412
0081 11_30_6578a9ab_7c2e_42ec_be3b_f885870b98ac 47 north 45 26478 52955 529541
0082 11_30_f82b0908_cfbd_40c8_b3c5_50e57b02cc52 47 north 45 27799 55598 555976
0083 21_10_321f5f50_1d6c_47a8_8ac5_1129218614cb 46 north 45 50733 101466 1014658
0084 25_44_1f3dbd08_d2ff_4928_8c3a_f6163f955b8b 13 north 45 54427 108854 1088534
0085 25_44_56fd4a4e_7b56_4f8c_8a95_a14c2f80707c 13 north 45 48704 97407 974066
0086 25_44_9f78c661_ca0b_43d4_966a_38748bdcee39 14 north 45 48602 97203 972025
0087 2_78_9befff3a_dc0b_4720_9958_987b0514e30c 21 south 45 23445 46890 468898
0088 3_12 54 south 45 24218 48435 484350
0089 3_87_0f06099d_36e4_4927_8208_a5230aff3ffc 35 south 45 23753 47505 475047
0090 3_91_13cdf83b_267a_4216_9966_6e72255ea7d5 21 south 45 24305 48610 486091
0091 4_6_55d1eae7_622a_4ab4_bef5_d12428b5ef78 49 south 45 27024 54047 540461
0092 4_6_5e138a82_3137_445b_b1fa_3cb289401780 53 south 45 30163 60326 603254
0093 4_6_ae120e03_aa14_4f39_89f4_6530ee0dc227 52 south 45 26038 52075 520745
0094 4_6_fb4df8b4_bcfc_4ad9_86f3_02782e742005 52 south 45 27142 54284 542839
0095 5_1_ba75f583_add5_4738_ac65_2941ae00d82c 19 south 45 26390 52779 527781
0096 7_18_e3aedac3_6822_4d71_afdc_c889d62df39f 19 south 45 24624 49247 492466
0097 8_48_69af46a9_aea6_4ba1_af02_781d61d1c835 10 north 45 25972 51944 519439
0098 8_61 30 north 45 34403 68805 688043
0099 14_197_7405a2dc_fa14_48a1_bdef_d6f844359eda 16 north 44 27322 54644 546433
0100 25_102_04f97274_b806_43ca_b694_4116c9f986cc 47 north 44 60239 120477 1204761
0101 25_102_0612589f_1410_46df_aa7c_93a5847f3d53_69e77564_9eb2_42d5_b8a0_266ce4dcedf1 35 north 44 59507 119013 1190125
0102 25_102_5c70f84a_7cc0_49af_a018_c2bcdc9dfcdc_62814587_9f49_479f_8f42_753b2b9a195f 44 north 44 59967 119933 1199330
0103 25_102_ac4f18af_d68b_469e_94ab_ed89fe1b5249 46 north 44 59882 119764 1197639
0104 25_44_763051e4_cd62_471e_b5a5_33762db85771 16 north 44 48801 97602 976012
0105 2_78_ea9a69f6_9e4e_48b1_a53a_03e804fbb4da 20 north 44 23690 47380 473799
0106 4_27_36386af9_9ff0_411f_aacf_a8667453ba33 32 north 44 25872 51743 517429
0107 4_27_37f0ae9a_2b0f_432f_80b0_692e11402b08 32 north 44 26806 53612 536117
0108 4_27_3c9ddfb2_93aa_4232_ba44_e9a7bd41512e 31 north 44 29533 59065 590648
0109 4_27_64ee2edc_ec71_40ce_acc3_ab43012e6ec0 32 north 44 25095 50190 501899
0110 4_27_7e4d27e4_b5f3_4f92_8bc8_d500685ba49d 29 north 44 25995 51989 519888
0111 4_27_998530fb_2656_45f6_b085_b554082f7239 32 north 44 24462 48923 489224
0112 4_27_cab81d29_d2b9_4369_b406_a690606747f2 31 north 44 28121 56242 562413
0113 4_27_e7a5d8c5_aef4_4b2d_a919_eaba84368fd9 29 north 44 26929 53857 538569
0114 5_60_6d9046b9_7834_4f69_8166_d04241883f1f 48 north 44 41945 83890 838892
0115 5_60_94bb1d6c_c618_404b_a6af_73b1256dd4a9 46 north 44 38268 76535 765348
0116 7_94_2ea8c580_c502_4f11_8725_1c7f8eaf04f1 48 north 44 44935 89870 898694
0117 7_94_35e8a724_ced1_49ae_8a79_f4a5e78230b5 46 north 44 45362 90723 907224
0118 7_94_70584069_dcaa_4e99_a511_701752c08c61 44 north 44 45175 90350 903491
0119 7_94_ae026b55_ed02_4657_a7e3_c00564867f03 44 north 44 41221 82442 824415
0120 11_30_578c0943_62b8_49e5_a46e_545cd2e3f4d3 48 north 43 26376 52752 527512
0121 14_61_386803a4_6681_4c21_9517_72b2a9021f28 55 south 43 26847 53693 536928
0122 14_89_1e1182c0_baa3_4a8d_82b9_e09e976f08f2 49 north 43 26743 53485 534842
0123 4_27_5155a96b_5946_4de4_a517_ada9c06a53df 31 north 43 31212 62424 624233
0124 11_12_05feb0a5_e9a1_4d57_a10f_6a0fcf7281e9 19 south 42 25035 50070 500694
0125 14_69_98fa03aa_99cc_4064_9a71_23cb86363887 20 south 42 27657 55314 553132
0126 14_97 18 north 42 23732 47464 474639
0127 2_87_5b0c7a13_48be_4a48_8a26_85c8a5c232b6 33 north 42 22947 45893 458924
0128 3_49 16 north 42 26350 52700 526993
0129 3_85_c5e49a10_a0c5_488f_b579_520d0f1e60e2 46 north 42 24327 48654 486531
0130 3_91_0c651624_5739_4558_adc6_a4d104218942 20 south 42 25327 50654 506532
0131 3_91_d90ea277_9a29_4e14_95e6_f16f50431950 23 south 42 23460 46920 469196
0132 4_14_001b3e0d_3be8_40fc_8484_a95c9ce02742 32 south 42 24016 48031 480303
0133 4_25 13 north 42 26630 53259 532584
0134 5_61 41 north 42 27773 55546 555453
0135 6_38_5efa23c5_aed2_4ff0_9c14_201a40cfb90f 33 south 42 24546 49091 490908
0136 6_48 41 north 42 25757 51514 515134
0137 7_36_fde0a7dc_dcb1_4e7e_8e52_a6f8d6f1bec6 10 north 42 32140 64279 642786
0138 3_48_86308410_b283_460b_9b72_71af7f5fa896 13 north 41 25919 51838 518380
0139 6_78_dbb65c69_e9af_4adc_abf7_4c8c89e2f544 42 north 41 25357 50714 507138
0140 8_76 34 north 41 29452 58903 589022
0141 11_10_9c2fd3ca_06be_4204_950c_2482ce5dcc02 19 south 40 24533 49066 490653
0142 11_12_e8cf43b7_f582_4ae0_acb3_cd1146e38ae0 18 south 40 24396 48791 487906
0143 11_30_2b66179e_550c_41f3_854c_05ea5e7363ef 42 north 40 29804 59608 596071
0144 11_30_b9e044cc_0e08_4e57_ab21_eb8a99548146 47 north 40 31515 63029 630288
0145 11_30_f5cdb3df_027e_49c9_898c_b4efcf72daf6 44 north 40 26168 52336 523352
0146 14_197_e33a35e4_9a77_407b_a1a5_97b397a37dfa 16 north 40 31261 62522 625212
0147 14_61_490ffd3f_faaa_4f2e_b145_5c2087174926 54 south 40 31078 62156 621554
0148 17_50_13899937_f6d8_4656_a37a_08065aa9e683 10 north 40 40840 81680 816792
0149 25_102_0612589f_1410_46df_aa7c_93a5847f3d53_c7b76017_f4a3_4842_b2ec_91862724d0ca 37 north 40 59648 119296 1192960
0150 25_102_d018e04f_a790_4963_9cfc_3062fe4c8e18_69d7aee9_d5b6_4321_842c_48bff1d4a12e 32 north 40 59281 118561 1185601
0151 25_102_d018e04f_a790_4963_9cfc_3062fe4c8e18_e2b80ca0_c5bf_481a_aff9_040080880f56 34 north 40 59414 118828 1188273
0152 25_44_09964bd1_d3f8_4cea_bede_3a5ad3e44993 17 north 40 36320 72639 726390
0153 25_44_1cc6aa52_d202_4574_a38a_ce1b17281769 12 north 40 54494 108987 1089862
0154 25_44_2b665964_1bea_47e8_9033_0df8457c1ff7 14 north 40 34836 69672 696712
0155 25_44_3aa06365_6001_4dda_9224_0cb2925c9c31 17 north 40 33587 67173 671726
0156 25_44_48dd9186_1009_4758_9c2b_37224dd1b7aa 12 north 40 48776 97552 975511
0157 25_44_a7447966_3d7f_4b4c_8b6e_a039b0be0db6 11 north 40 36112 72224 722236
0158 25_44_c90ad0c5_baa1_4d42_9585_d71ff7a5cc1b 11 north 40 39188 78376 783755
0159 2_78_fa5c32db_3871_4ea3_9ddd_a8fa58d9e37e 20 south 40 23583 47165 471647
0160 4_27_154cde10_05ec_4662_8c7c_09badff5f1e3 31 north 40 24814 49627 496261
0161 4_27_2d517a6e_8914_4783_be14_31042e659f98 31 north 40 32868 65735 657348
0162 4_27_42a9102f_3e6b_48d4_8758_16c0b1ade5b2 28 north 40 26229 52458 524576
0163 4_27_4cb5a31a_f11f_4731_9e9d_c132d7f064af 31 north 40 26174 52348 523476
0164 4_27_6bfc7f20_93e8_48ef_a023_cb7cfc41b18e 29 north 40 27891 55781 557809
0165 4_27_759f5d98_cc4c_4001_818f_6e902dcadcb7 29 north 40 29304 58608 586073
0166 4_27_8ac2e3dc_b885_49c8_91fb_7f528efcb7b9 31 north 40 25398 50796 507958
0167 4_27_8f2a9fa5_daeb_4160_93bf_ac2e050040fc 33 north 40 29658 59316 593155
0168 4_27_c08aaea9_bab9_489d_81c0_ef7d91670271 31 north 40 27108 54215 542148
0169 4_27_c47e0647_03a1_487e_a2fb_29fba3ff14f4 33 north 40 28247 56493 564930
0170 4_27_de07cbfb_a0d2_4737_ac30_85c73a3dfb1e 28 north 40 27169 54337 543361
0171 4_6_04dbe2b3_b9d6_4804_85de_64c9cbd57e42 51 south 40 27263 54526 545258
0172 4_6_c973dcf5_2efb_4a4a_9e3f_4e3e93f728b6 51 south 40 26138 52275 522745
0173 4_6_ff325180_f5a9_474d_a890_7a17a3752fd6 53 south 40 27057 54113 541124
0174 5_1_6ca916cc_11ea_42ff_9114_637b36564ee7 19 south 40 25739 51478 514778
0175 5_46 44 north 40 39467 78934 789334
0176 5_60_029fe013_817b_44e1_a883_c5e4f2481a7a 44 north 40 37953 75906 759051
0177 5_60_17020c73_071f_4851_b7b1_c2a967e71346 43 north 40 38177 76354 763540
0178 5_60_ba8ba5a4_e54f_4838_98db_87972febbb5b 44 north 40 41003 82005 820041
0179 6_11_a5c0f0a8_dcc2_4b9a_b5c4_4a2519c2c26b 53 south 40 25335 50669 506690
0180 6_88_fd318886_7ac0_416e_bec8_995134bed6f0 32 north 40 24281 48561 485603
0181 7_94_02dcf21f_d337_471e_ad6c_3af773f80711 42 north 40 36793 73585 735843
0182 7_94_1c802546_b30b_4a28_abe9_311fd61d0603 38 north 40 36576 73151 731507
0183 7_94_20620731_b4bc_45d2_803a_1a1f148afffe 41 north 40 34354 68708 687080
0184 14_197_65c6256e_8e6d_40c5_b892_5c9c2c458a9c 14 north 39 29431 58861 588607
0185 25_102_071b7fc2_3a23_4ed0_9a5d_054b3295a75f_2a8d12ea_c3e2_4ce1_ace8_8799b2be1011 49 north 39 78432 156863 1568623
0186 3_41 15 north 39 24042 48084 480836
0187 25_35 21 north 38 36716 73432 734313
0188 25_44_7adc03e5_77e4_486b_81d6_0ada2df5a305 18 north 38 36290 72579 725786
0189 3_87_21ed973f_c702_4b7e_85a1_54e08cd8ceb8 29 north 38 23784 47567 475668
0190 8_70 29 north 38 30253 60505 605048
0191 2_33 23 south 37 24179 48357 483570
0192 4_27_08003592_688b_41f2_816a_99167bc552d9 28 north 37 28153 56306 563058
0193 14_69_5cdc2c0b_0955_4151_9148_5801aa24b309 21 south 36 25477 50953 509524
0194 14_69_65b616e5_b8d7_442a_bbd1_8fb5ed54ca36 21 south 36 26425 52850 528500
0195 14_69_7d41ac3d_a320_4de8_b25f_06ebad90dded 20 south 36 27540 55080 550797
0196 25_102_071b7fc2_3a23_4ed0_9a5d_054b3295a75f_724c9cd4_983b_41e4_a8db_3788688e7d50 51 north 36 74024 148048 1480473
0197 25_102_1e28bc13_e3fe_4a62_8737_636e3312528e_8a7dc5b5_2686_4b0f_a7ff_93721ed0dfce 40 north 36 74293 148586 1485859
0198 25_102_4f232b2e_f33b_4100_b9bb_81561d888343 36 north 36 46938 93875 938746
0199 25_102_53c5c657_0e1a_4257_bf63_da1f9646c214_5a14d932_96c1_49d4_bef4_7cb41da04f02 46 north 36 74244 148488 1484871
0200 25_102_53c5c657_0e1a_4257_bf63_da1f9646c214_5d07931f_ab88_4966_aa4d_990c26e185c6 47 north 36 73842 147684 1476831
0201 25_102_5c70f84a_7cc0_49af_a018_c2bcdc9dfcdc_599e2d88_d9af_4cf9_b839_a4a6ce6cb16e 44 north 36 67011 134022 1340220
0202 25_102_5c70f84a_7cc0_49af_a018_c2bcdc9dfcdc_c062dbc5_ecfe_41b0_954f_afbed8af8879 42 north 36 66952 133904 1339039
0203 25_102_7518de3a_25c4_4ca3_b736_5ed0e4c79e4e_80009164_8945_4150_b5b0_ad8ec39198fe 44 north 36 55343 110686 1106860
0204 25_102_9eec1bf9_f725_4417_a4e6_9c3bb9970660_3e43b18e_0674_44b1_a0e8_6fc61ab8db5e 40 north 36 66883 133765 1337642
0205 25_102_9eec1bf9_f725_4417_a4e6_9c3bb9970660_5b7926c8_94bb_454d_a972_351e56d1d7a6 38 north 36 66802 133603 1336029
0206 25_102_ada76b9b_0625_410d_bde6_824263252ff5_6804b8b4_6f95_47d6_a990_55da5a720124 42 north 36 74405 148810 1488099
0207 25_102_f76076bb_4495_4073_a3a9_71c4f26a3d25 33 north 36 47968 95936 959357
0208 2_78_0d495f94_6baf_40f4_8c2d_5f38bec21625 19 south 36 23566 47132 471318
0209 3_98_0ee7472f_15d0_4778_9f16_03f0bcc7d7e5 37 south 36 24183 48365 483645
0210 4_20_24d36e65_f9b2_4413_8b5c_753d1aae3c6e 11 north 36 26052 52103 521027
0211 4_27_aeaf6306_9ac2_47b6_93ef_e2764e3a3195 37 north 36 29314 58628 586273
0212 4_27_bbf9f397_3e4a_456b_89dd_4e24e75ae3ed 37 north 36 30706 61411 614110
0213 4_27_be3008b3_e38a_4491_8080_29dc3d859df8 37 north 36 32303 64606 646056
0214 4_6_68ff1119_f124_490f_8b2d_e687d5844553 52 south 36 28582 57164 571637
0215 4_6_deb8e057_d1d0_4a10_b1aa_501ff06039c8 53 south 36 28473 56946 569460
0216 5_1_0206bd79_d57a_45a5_b20c_cbc2e5c93f8d 19 south 36 24707 49413 494130
0217 5_60_633a30d6_02be_4f50_9cdd_7f71a6bcadce 48 north 36 37173 74345 743449
0218 5_60_db5766db_d07a_4303_aa8c_b28529b902ff 43 north 36 32150 64300 642991
0219 6_11_1c14ccb4_a3ee_4dd6_9709_f2eed5c4d377 52 south 36 25976 51952 519515
0220 6_11_dbd488b2_eefb_4934_a163_2627b72cc529 52 south 36 25240 50479 504789
0221 6_38_7328f8b6_7bd2_4731_89c5_231cea3ddeaf 34 south 36 25834 51668 516676
0222 7_36_2824398c_0e1f_4905_a0f5_5b0d9510901a 11 north 36 29461 58921 589202
0223 7_94_352d3bdc_b1a7_4827_9d40_3a728382cfc5 45 north 36 47052 94103 941023
0224 7_94_7806b8a0_8a21_473b_b814_ce669dbdd607 41 north 36 36397 72793 727928
0225 7_94_cd54db4b_ccf2_405f_b0d8_ad002f914f22 40 north 36 34468 68936 689357
0226 11_13_36e1d8fe_9914_4668_9510_3755b4a450a1 35 south 35 24333 48665 486643
0227 11_13_6ef374dd_6a52_46ce_b9b1_23da271b2528 36 south 35 24328 48656 486553
0228 11_13_d3016328_36c9_45f2_bbd5_409c91a83a43 35 south 35 23932 47863 478629
0229 11_13_eb5a1b6c_4f6c_4a8a_9396_6365a4d43628 34 south 35 23994 47988 479874
0230 14_69_cffde987_0f91_422f_8d63_a3071b30f347 20 south 35 28640 57280 572798
0231 17_42 41 north 35 34235 68470 684692
0232 21_10_2f567896_efbc_4c74_a936_797765fe797f 49 north 35 26715 53429 534281
0233 25_44_9ea01687_adf8_49c1_be38_3e4b259a5f89 12 north 35 27110 54220 542198
0234 25_44_b4a0607f_a5d6_4723_8533_7e6e67c474dc 12 north 35 25839 51677 516766
0235 2_78_cfd39140_318c_448a_941c_1183079064f1 19 north 35 23853 47705 477049
0236 4_20_41829c01_777a_4bfa_a664_bfb673837702 11 north 35 25138 50275 502748
0237 4_6_c597b645_d8b4_4efe_9f7a_608b79511096 53 south 35 25830 51659 516581
0238 5_4 53 south 35 30106 60212 602112
0239 6_38_2592fdf2_2eb8_4892_9595_4425cf21a4ae 35 south 35 26083 52166 521652
0240 7_18_4035b6bd_1fef_4eea_9154_a73c14b370cd 18 south 35 24627 49253 492528
0241 7_18_a450de19_6f77_4c38_83a5_53113c79ee28 19 south 35 25355 50709 507088
0242 7_36_26249833_986d_4349_a9cc_5e850f8b3546 13 north 35 35677 71353 713525
0243 14_4 58 south 34 33159 66317 663164
0244 1_50 20 north 34 23617 47234 472331
0245 21_10_b815c82e_0307_4e0e_93a9_26f91364a293 50 north 34 32076 64151 641501
0246 25_102_9b92636e_4af6_48fa_accd_5b4e732b0c7c 57 north 34 40196 80391 803910
0247 25_44_723ab065_e143_400f_b278_928302e84341 14 north 34 54334 108667 1086662
0248 3_91_c5c17dd1_5c23_4361_a3c3_77b331aa7027 23 south 34 25310 50619 506185
0249 25_102_0612589f_1410_46df_aa7c_93a5847f3d53_d165c249_a160_44d3_a866_0ff38a16a9c7 35 north 33 65206 130412 1304114
0250 25_102_1e28bc13_e3fe_4a62_8737_636e3312528e_ffdc93d1_ec3f_4191_89b8_80fd4a490d94 39 north 33 74595 149189 1491887
0251 25_102_7518de3a_25c4_4ca3_b736_5ed0e4c79e4e_9b7a8862_d2da_43e5_8a89_5812412c18f1 42 north 33 55249 110497 1104965
0252 25_102_7518de3a_25c4_4ca3_b736_5ed0e4c79e4e_cfb4429e_3d27_403d_b172_3418fdb98b18 44 north 33 50584 101167 1011666
0253 25_102_aa5fd30e_9601_4eeb_abc2_70339496f513_5f15f64a_463d_4d3f_afa2_cbc67f159118 35 north 33 54623 109246 1092459
0254 25_102_aa5fd30e_9601_4eeb_abc2_70339496f513_74cf53a7_a1bb_4ada_a75a_062d29d38c79 35 north 33 50418 100835 1008343
0255 25_102_ada76b9b_0625_410d_bde6_824263252ff5_1501c72b_eb17_474e_89ee_e7ebb006f1a0 44 north 33 74496 148991 1489903
0256 4_14_f260ef7c_b989_4d94_94c1_e069057e6f88 33 south 33 24717 49434 494333
0257 4_27_2d38d3d5_128e_41d8_9418_48df774cc472 29 north 33 24880 49759 497582
0258 4_27_a5ef8cf5_7a01_4d92_96cf_fbda56edaf8e 29 north 33 25383 50766 507653
0259 4_6_bb38fb99_ac31_4f77_aed6_c10ed2c00d6a 52 south 33 31027 62053 620526
0260 5_60_f85e0d34_0537_496e_9a66_18e7acda07f5 46 north 33 43262 86524 865235
0261 6_11_8a7915b8_425c_44dd_97fc_3272eb8bbe68 51 south 33 25158 50316 503155
0262 7_94_136d89f6_b19d_4dba_96d6_13493877b433 46 north 33 44632 89264 892635
0263 8_74_b5dd1959_b93b_4845_b619_8793a6275db4 37 north 33 34803 69606 696056
0264 14_197_3330b570_7942_4c7a_90aa_22354509d98d 16 north 32 34116 68231 682309
0265 14_197_ebdd1c29_fb45_475d_9401_a8b4d80728bc 15 north 32 33801 67602 676017
0266 14_197_f70268f8_20bc_46fc_bef2_9c1787c28551 15 north 32 31980 63960 639592
0267 14_9 59 south 32 27733 55466 554655
0268 21_20_0be386c9_8ac3_4275_ae9d_4af8124671dd 44 north 32 31336 62671 626707
0269 21_20_cee7b6cd_8d4c_4054_8e52_118b215b440e 48 north 32 34285 68570 685699
0270 25_102_76d026da_97b9_4645_9a59_8fa4d0e372a2 35 north 32 47464 94927 949270
0271 25_102_fa9b1340_ca88_44b5_a4c4_3f363a7c06c3 32 north 32 54648 109296 1092953
0272 25_44_c412194a_bc8b_4f0c_8388_cd92f1ffdc54 12 north 32 26707 53413 534124
0273 2_78_594c5233_d92e_4455_a30a_73d3c41fcd5b 20 south 32 23870 47740 477398
0274 2_87_cf8567ed_6603_4a88_bd41_6615630ef2f2 32 north 32 23422 46844 468439
0275 3_87_14a18d90_bd16_49d7_b2cf_6cb7a1c3f880 32 north 32 23540 47080 470795
0276 3_87_2a96028e_ced4_4c58_83ae_c91d3ddacd2c 29 north 32 24149 48297 482969
0277 3_87_3c7e2ef5_e073_44a5_ad6a_1e2073a69d6d 31 north 32 23723 47446 474454
0278 3_87_4d393272_5ca2_4c4e_8de7_5f9941358168 36 north 32 23745 47490 474892
0279 3_87_517ded97_2ea0_4e28_8045_f5702d647594 34 north 32 23626 47251 472502
0280 3_87_5e4866d5_104d_4fc6_b4c3_eb4f24e55fda 28 north 32 24586 49172 491714
0281 3_87_6242e068_4d12_4fb6_abb6_294667b25453 34 north 32 23799 47597 475970
0282 3_87_6c508e98_b95a_42e6_8253_f2487bfb9cee 36 north 32 24364 48728 487275
0283 3_87_6f6aa8ce_3275_49ba_ad95_63ef4bafeb80 32 south 32 23377 46754 467535
0284 3_87_7184c845_2d1c_4fde_af46_6e6add3511dd 32 north 32 23367 46734 467335
0285 3_87_7f1c1ca3_6ce4_455f_9d83_1ef6ee084439 36 south 32 23533 47065 470650
0286 3_87_b6bbbf27_4508_4f97_9cf9_7e6355df607e 35 north 32 23776 47551 475502
0287 3_87_c26dbe9a_56b3_49c3_9b53_8044d4a4d779 35 south 32 23614 47227 472268
0288 3_87_ce566307_9640_439c_936d_223ff887830d 35 north 32 23605 47209 472085
0289 3_87_dbae61eb_3e1b_4d8f_b8f5_94780a66324d 29 north 32 24549 49098 490974
0290 3_87_f52f75d1_864b_4b53_a9f5_d422e6d5c97c 30 north 32 24394 48788 487873
0291 3_87_fddb62e9_4a9c_4d06_b165_f2102a591bcb 34 south 32 23800 47600 475992
0292 4_17_4f41c5b7_2d16_444f_8296_909a53839620 41 north 32 28360 56719 567182
0293 4_27_7004fccb_9c55_48fa_98a9_e4fb8c1a579b 34 north 32 29091 58181 581810
0294 4_27_c583b2b3_b87c_4f0e_9db6_da026b8dc7fe 38 north 32 30666 61332 613314
0295 4_6_d527a345_8a95_493f_98b6_14be03730f06 51 south 32 30246 60491 604904
0296 5_13_d5d218c2_ae0f_4691_abdd_4132807b81e0 18 south 32 24585 49169 491689
0297 5_57 30 north 32 31386 62772 627712
0298 6_11_2548baed_8f73_4108_aabe_dfe82eeb635d 51 south 32 26074 52148 521472
0299 6_11_6b2a9fc8_d565_461e_b5d2_fb5880e467a7 54 south 32 26214 52428 524277
0300 7_67 45 north 32 29539 59078 590771
0301 7_94_74382ec6_5b84_49c1_a6fb_caa9c36be3b7 39 north 32 31450 62900 628999
0302 3_48_0a07d550_fe90_4a61_9d41_d738199086f6 15 north 31 25768 51536 515360
0303 11_13_e98fe3b4_2e84_4edf_aecb_b3705b47068d 35 south 30 25108 50216 502154
0304 11_30_fc8ce026_0f80_4733_afac_b796b71d23a9 43 north 30 27131 54262 542618
0305 14_197_24453204_9ced_4aae_bee9_0a2009a50f3e 17 north 30 33287 66574 665737
0306 14_69_da134798_61df_4a6a_934d_3b0c08cea97b 21 south 30 28208 56416 564152
0307 17_2 44 north 30 28702 57403 574023
0308 1_89 22 south 30 23661 47322 473218
0309 25_102_0612589f_1410_46df_aa7c_93a5847f3d53_f04b772a_530d_4982_ad96_4d76c20df65a 37 north 30 65346 130692 1306916
0310 25_102_7518de3a_25c4_4ca3_b736_5ed0e4c79e4e_cef43090_a8bb_4ac5_a2a3_3279fa5d4799 42 north 30 50535 101069 1010689
0311 25_102_aa5fd30e_9601_4eeb_abc2_70339496f513_310a12ec_daed_463c_8ac6_676524282f57 37 north 30 50562 101124 1011231
0312 25_102_aa5fd30e_9601_4eeb_abc2_70339496f513_cf1014e6_b8fe_47bb_b213_a86998cab845 37 north 30 54767 109533 1095323
0313 25_136 53 north 30 28787 57573 575723
0314 2_103 47 north 30 23944 47887 478870
0315 3_64_6497e225_a2c4_4af6_9b80_70de27c40bb2 43 north 30 25100 50200 501993
0316 3_64_9342b68e_8dd7_493f_a118_43dce99557a5 45 north 30 26071 52141 521407
0317 3_64_caca16da_2676_4815_b339_45bc1b206b85 43 north 30 26079 52157 521565
0318 3_85_890b717a_85e6_4e2b_a19c_124a0dff5063 46 north 30 25794 51588 515879
0319 3_87_5645abe0_c591_4ace_8c59_39a2f2e42f5d 30 north 30 23794 47588 475880
0320 3_87_5b198ea0_f1ba_4499_bc5e_ef8c632cebbf 32 south 30 23539 47078 470775
0321 3_90 18 south 30 24018 48036 480357
0322 3_91_5223d599_d8b9_4555_a95b_1aa7ef1181a7 21 south 30 23815 47629 476282
0323 4_17_5a388d28_d250_4d19_af99_7c8ba6cdd341 40 north 30 28282 56564 565636
0324 4_17_ebbf64ae_bb09_4bc0_b1d0_29075b277022 41 north 30 25766 51531 515302
0325 4_27_774d4d4a_e109_43ad_ba0c_4f7c0ca39d54 28 north 30 25619 51237 512367
0326 4_30_16e96574_e091_499f_94ca_7ec8747c1e26 38 north 30 23987 47974 479737
0327 6_11_89c88345_9e49_460b_ae18_d7fec5cad053 54 south 30 25815 51630 516298
0328 6_38_0f834617_0cc0_4e10_8810_ae0200c30a62 33 south 30 25529 51058 510573
0329 6_38_54e5b1ce_244d_45c7_9142_bea0bd6b0697 34 south 30 25540 51079 510786
0330 6_78_1333d701_cf26_434b_8e78_fed7f969377c 43 north 30 26765 53530 535300
0331 6_78_329d564c_d249_46ca_8de5_2b4cdf340d99 42 north 30 27285 54569 545681
0332 6_78_b0096734_6757_4236_91a4_3f30d748c984 43 north 30 26720 53439 534383
0333 6_88_13b96a59_ed80_49a5_8859_3d74a18e293c 34 north 30 24043 48085 480842
0334 6_88_16d79910_d36e_4a01_a7f7_700a924b4893 37 south 30 23710 47419 474186
0335 7_36_373f50b4_21db_490a_8baf_b7f43899f248 11 north 30 29738 59476 594756
0336 7_68 41 north 30 26021 52042 520415
0337 7_88 36 north 30 31191 62382 623819
0338 7_94_3e5a1433_2418_4850_8798_313a1ff991f8 39 north 30 28329 56658 566579
0339 7_94_40aed352_c017_4157_9f3a_b1b4251c27b4 49 north 30 33938 67875 678748
0340 8_14 36 north 30 23887 47774 477736
0341 14_129 9 north 29 34892 69784 697838
0342 25_44_c37f285f_ff46_454b_b708_79c39d4451a4 19 north 29 58102 116203 1162027
0343 3_21 38 south 29 25058 50116 501157
0344 4_27_4b25109d_d4f2_485f_9895_988ebc2f8b11 39 north 29 25134 50268 502675
0345 8_48_a0607cad_cb26_4dd5_a142_d22afe9d3f27 10 north 29 26110 52220 522192
0346 8_74_ad11a41e_a724_4c62_9411_74c785fdddcd 36 north 29 25910 51819 518183
0347 11_10_cfa1a622_1abb_4a10_81f4_aee1af692849 19 south 28 25111 50222 502220
0348 11_13_a8efc345_2f7e_43ba_a42b_7b221c293adb 34 south 28 24388 48775 487750
0349 11_13_fec6fcb4_9df8_4ff0_aca6_3d0d0f95fe7c 33 south 28 24390 48779 487786
0350 11_30_e358017c_1020_4ce1_9d77_73e8aa4b15eb 46 north 28 29067 58133 581328
0351 11_32 37 north 28 23965 47930 479292
0352 14_197_23b28914_803f_4a5e_9fb7_45f5b45e3e70 14 north 28 31989 63977 639768
0353 14_197_88bb2b74_d815_48b2_a91d_19a6e6a25c4f 17 north 28 30820 61639 616388
0354 14_197_a86846c8_b344_456c_b9f4_d5ff3aa348e0 15 north 28 29653 59306 593054
0355 25_102_5429693e_ede8_42e5_9f6b_82257bf79512 46 north 28 47430 94859 948585
0356 25_44_78b69e3f_e8d2_4384_8daa_3a59fea7f71d 10 north 28 41307 82614 826134
0357 3_87_1f3063d3_231a_4278_9ae3_63d27c177781 36 south 28 23609 47218 472174
0358 3_87_b178847a_0ece_4838_a20b_72e8c9e254c2 32 south 28 23394 46787 467868
0359 3_91_a862429b_46c6_4e15_ba6b_50a59497b024 23 south 28 24751 49502 495014
0360 4_17_7d288d47_b527_4c30_b3fd_5fc7037ab569 42 north 28 28337 56674 566740
0361 6_59 40 north 28 31032 62063 620629
0362 7_11 52 south 28 30105 60210 602093
0363 7_94_3def60a9_7af4_4b58_8662_d95470db12ca 40 north 28 31425 62850 628498
0364 7_94_e84cd8ac_7660_4288_8ea9_f4521d9b3a88 38 north 28 36753 73506 735054
0365 14_144 29 north 27 38097 76194 761934
0366 17_50_e8131374_dec7_4bed_8fd9_461a5f687f15 10 north 27 24329 48658 486576
0367 1_94 50 south 27 23690 47379 473787
0368 21_20_17242a54_aca1_4d9e_afd1_a71c4676bfb0 46 north 27 32808 65615 656149
0369 21_20_7832e89f_7de8_4276_ac3f_e9313737fe79 48 north 27 32980 65960 659592
0370 25_102_d018e04f_a790_4963_9cfc_3062fe4c8e18_4bfa715a_bb2b_433b_a939_31240a3324c8 34 north 27 65042 130084 1300835
0371 25_102_f53da36b_91e2_4633_ac40_d50f4078aac0 33 north 27 43724 87447 874466
0372 2_66 48 north 27 24371 48742 487415
0373 3_64_30364865_9d9a_43b5_b097_44f8a761d968 43 north 27 24421 48842 488419
0374 4_6_56df8f25_cb7e_4dc2_82ad_e8f348a22ce8 50 south 27 29026 58052 580511
0375 4_6_c83db432_e7d1_45af_8f0c_932c9d895125 50 south 27 26418 52836 528358
0376 6_32 38 south 27 24398 48795 487949
0377 7_94_3da8b3f4_e2b7_44e8_90da_5c41ee534214 46 north 27 51639 103278 1032774
0378 7_94_c3d9115d_78b5_4c18_bb7a_25462a7f8dcb 46 north 27 34707 69414 694137
0379 7_94_deb38112_ea01_4010_8461_0cd091e6b0e9 44 north 27 33850 67700 676998
0380 25_102_071b7fc2_3a23_4ed0_9a5d_054b3295a75f_24b79948_8a74_4506_aab6_8f9b19502131 49 north 26 82504 165007 1650065
0381 25_102_512c184c_8c8f_4913_8649_8960531e1747 33 north 26 46961 93922 939215
0382 4_27_2175e2b1_2be6_4789_be59_1029927945a2 37 north 26 28075 56149 561481
0383 4_27_4f6e9895_9a3b_402c_8e13_90a915f0bc1a 28 north 26 29014 58028 580272
0384 4_27_db234d2e_2c88_4163_9be5_89a1227279ed 33 north 26 31651 63301 633008
0385 11_10_1778f590_8568_4183_9675_96a934caaa3a 20 south 25 26068 52135 521344
0386 11_13_a3ff6961_2d71_4497_ac96_24d976ad93b6 35 south 25 24703 49406 494059
0387 11_13_ae54e186_eecd_44bd_a742_0e0b03db4fb4 35 south 25 25308 50615 506148
0388 14_17 19 south 25 24659 49317 493164
0389 17_43 43 north 25 30286 60572 605717
0390 1_100_40f3ef25_b78d_4cfc_8578_144d969d7d03 19 south 25 23662 47323 473229
0391 1_100_7aa1c774_3bbd_43a0_9211_5217140507ab 20 south 25 23675 47350 473491
0392 1_34 18 south 25 24001 48002 480014
0393 1_74_9435e317_8045_44ab_bba7_cb9ff452496f 54 south 25 23642 47283 472829
0394 1_87 47 north 25 23705 47409 474087
0395 25_102_0c8caf36_a43d_4943_af31_3b820a21fe00 37 north 25 43125 86249 862483
0396 25_127 54 north 25 33664 67327 673265
0397 25_43 54 north 25 25113 50225 502249
0398 2_67 15 north 25 24700 49399 493981
0399 2_77 16 north 25 24029 48058 480575
0400 3_48_1da2f997_73fb_4105_9203_9bf1a33ef4fe 14 north 25 24669 49338 493374
0401 3_63 12 north 25 25057 50114 501135
0402 3_85_7bd6cc07_e23b_4126_9110_7b09c9fda71f 47 north 25 25092 50183 501829
0403 3_85_9b1eb64e_9ceb_4450_81f3_8257d2794600 47 north 25 24494 48987 489869
0404 3_85_eb01788f_804e_4cb9_b8e6_ebc454fdc5ea 47 north 25 25160 50319 503183
0405 3_87_d4b92fed_2462_490b_84ff_920d12a6f000 28 north 25 24171 48342 483420
0406 3_98_b164d7d2_3815_44cd_9f71_708833d41c03 36 south 25 23941 47882 478812
0407 4_20_282276af_2678_454e_a3e7_01bc3f76ba88 11 north 25 25677 51353 513522
0408 5_58 39 north 25 27583 55166 551660
0409 6_56 29 north 25 29197 58393 583926
0410 6_72 43 north 25 25408 50815 508150
0411 7_94_15d7131d_f50c_4afb_b4a3_d891293af607 40 north 25 28383 56766 567657
0412 14_69_9429a4a7_f1e0_4f50_9ec8_6a6771bbe4c4 22 south 24 26699 53398 533971
0413 17_23 56 north 24 27729 55458 554571
0414 21_0 45 north 24 29065 58130 581293
0415 21_10_f067ba5e_6a0a_473b_86a1_abfc2091c465 47 north 24 40938 81875 818746
0416 21_20_363e9f81_db19_4923_9506_37b94e41b7ae 47 north 24 32529 65057 650563
0417 25_102_071b7fc2_3a23_4ed0_9a5d_054b3295a75f_32ff19df_6e3b_44ba_82bc_419252f8a444 51 north 24 82588 165176 1651758
0418 25_102_1a23c5b2_7ba1_444f_86ba_63d63dd8f376_b0eaf0a8_6867_40aa_b031_ccf48cc31519 40 north 24 57197 114393 1143927
0419 25_102_1a23c5b2_7ba1_444f_86ba_63d63dd8f376_f24fd1f1_efa2_4aae_b88e_1df5b51c196e 38 north 24 57114 114227 1142266
0420 25_102_1e28bc13_e3fe_4a62_8737_636e3312528e_16fe3cf1_67d1_4647_8783_8cf14a19ce34 40 north 24 82127 164253 1642522
0421 25_102_31e1170e_2d68_4c6a_99b5_1fe36850610e 32 north 24 44988 89976 899759
0422 25_102_53c5c657_0e1a_4257_bf63_da1f9646c214_43c02a80_1d5b_40bb_9af0_3227e5d26f09 46 north 24 82806 165611 1656102
0423 25_102_53c5c657_0e1a_4257_bf63_da1f9646c214_f1dea11e_100b_4e23_abc0_c8b008f654e7 47 north 24 82409 164817 1648166
0424 25_102_9b851f17_ce00_4cff_991a_b7cefa34c72d 53 north 24 35447 70893 708926
0425 25_102_ada76b9b_0625_410d_bde6_824263252ff5_3323a01c_78ed_4e3f_aac5_66646e346867 42 north 24 82237 164474 1644738
0426 25_102_ebf2b3ff_5133_41ab_8e43_74d6cc115a15 44 north 24 44279 88558 885580
0427 25_44_493af2f4_c652_40eb_9594_d793b0b4f68f 8 north 24 51771 103542 1035416
0428 3_87_02c7c03a_d85a_4256_88c3_0544b42ec033 33 south 24 24070 48139 481384
0429 3_87_74f4f5f8_a00f_45fb_b064_4ce7eeac7de6 35 south 24 23583 47166 471659
0430 3_87_97358e35_dc17_4f5a_bb10_a8d71d833eaf 31 north 24 24004 48008 480079
0431 3_87_a6850476_b6be_4be8_aba3_54f2fb721b9d 30 north 24 24076 48151 481503
0432 3_87_da5d8496_7566_4425_81cb_ddaf5543bafa 35 north 24 24020 48039 480388
0433 3_87_fc1cd7e8_bf7d_448c_a923_b64eedafdc5e 34 south 24 23627 47254 472533
0434 3_91_1a690767_45a5_444e_a425_9d02fd53751e 22 south 24 25499 50998 509973
0435 3_91_64bb1625_e848_47ad_9823_75e7747b642e 22 south 24 24743 49486 494851
0436 4_27_337722d5_b9ba_4fef_bd0e_4da721f7e6f4 38 north 24 28024 56047 560469
0437 4_27_527b6ed3_ad1a_4a58_822c_ae400b47392d 35 north 24 28468 56935 569344
0438 4_27_59e4cfa9_b3d4_4153_a6ec_fde5675d42a5 34 north 24 27884 55767 557670
0439 4_6_aadaaece_c12c_4b15_a097_eeda8155cd0a 51 south 24 28998 57995 579944
0440 6_11_75d4a93b_7781_4b91_b4b4_8c43d9b8dd44 54 south 24 26009 52018 520171
0441 6_11_b9ff3285_bdcf_4007_8150_6f7799cab3dc 55 south 24 25562 51123 511223
0442 6_30 20 south 24 25071 50142 501414
0443 6_38_93edf099_d102_4b96_a26d_cb0beb9ac19f 34 south 24 26330 52659 526588
0444 7_94_2838ba10_71f4_4ab3_814f_55e7a8dd0751 49 north 24 37387 74773 747721
0445 7_94_5b31aaae_580d_41b4_b92d_923b04111484 45 north 24 31056 62112 621111
0446 7_94_a0a59490_7d0c_460d_9391_ea2ffe87744e 41 north 24 47235 94469 944687
0447 14_69_7a00df07_c935_4c17_b24b_82c04ec79e30 20 south 23 29043 58085 580842
0448 1_67 16 north 23 23891 47781 477809
0449 21_9_1e62cf18_5bbe_4443_9d4f_15d608dbdd77 54 north 23 72937 145873 1458728
0450 2_102 18 north 23 24034 48068 480678
0451 2_87_e308325d_09bf_42e7_a691_b105af6756d4 31 north 23 23599 47197 471961
0452 3_6 51 south 23 24577 49154 491532
0453 4_27_fc3a2fe2_ef60_4f84_a33e_dd6abc5ea106 35 north 23 27815 55630 556298
0454 4_27_fd7c2d90_04aa_4872_8b9d_58d2e249d5cd 38 north 23 28616 57232 572316
0455 6_88_c60b8ca4_a642_404e_8696_0ac9fb5f3292 38 north 23 23686 47371 473705
0456 21_10_1f80d21f_6658_4f1a_b3d2_f45f13123698 52 north 22 25687 51374 513740
0457 25_102_1e28bc13_e3fe_4a62_8737_636e3312528e_643babef_b5df_4deb_879b_261a9108281b 39 north 22 82425 164849 1648490
0458 25_102_ada76b9b_0625_410d_bde6_824263252ff5_7204027f_0765_4e2e_84e0_20fbb9fb459c 44 north 22 82327 164653 1646523
0459 3_64_27f276a3_3b0d_4b98_a558_eed496017387 44 north 22 25095 50190 501895
0460 3_85_487bb535_bc4f_4e50_ae5d_ac30d15b7146 48 north 22 24172 48344 483433
0461 6_13 17 south 22 23860 47719 477186
0462 14_197_6cbb27e9_3fa3_41bb_aa7e_1826729deacc 14 north 21 34039 68077 680764
0463 21_10_25d11c3d_fb35_4bbc_ac03_385483606d04 51 north 21 32677 65353 653526
0464 25_102_3ef908da_db97_489e_8dba_e770ab2d2494 31 north 21 43901 87802 878011
0465 25_102_c8134de7_b38d_4d09_8241_eb8d58f0f6f7 31 north 21 43171 86341 863405
0466 25_102_e5726d05_b15d_4367_b9b8_2f1747d12cfc 57 north 21 62419 124837 1248362
0467 2_41 38 south 21 24037 48074 480740
0468 2_78_4f1ba6da_4885_409a_a61c_a76a8e2da1bf 21 north 21 23611 47221 472206
0469 3_82 18 north 21 24122 48244 482439
0470 3_87_601cbb09_2b1d_40b6_9909_e533187b4e65 31 north 21 24339 48677 486765
0471 4_27_98619533_a11d_4613_bec4_acb10dbe0bbc 38 north 21 32927 65854 658539
0472 7_19 34 south 21 32597 65194 651937
0473 8_19 19 north 21 23847 47693 476929
0474 11_13_15ed5d03_34ac_4869_bf99_d83803696556 34 south 20 24369 48738 487379
0475 11_13_94e37704_4c59_4684_9029_e422cb61ceb0 35 south 20 24185 48369 483686
0476 11_30_4ea0ad51_e92c_47b4_8232_007268a07940 47 north 20 26373 52745 527445
0477 11_30_7d878ed1_6081_40ed_806d_1a10a8c438e6 48 north 20 25233 50466 504651
0478 11_6 38 south 20 24621 49241 492405
0479 14_174_5baf4b56_fae7_4e62_8d7e_7985f2c708ad 30 north 20 43045 86089 860884
0480 17_26_807131a4_7912_4765_9905_63c841360511 9 north 20 39321 78642 786412
0481 17_36 11 north 20 35832 71664 716631
0482 17_8 43 north 20 28757 57514 575138
0483 1_100_363466bd_706a_4974_8154_3afa0fdcd205 19 south 20 23941 47881 478802
0484 1_100_5e5037d7_0d5e_443a_ac0d_2fb176f70764 19 south 20 23758 47515 475142
0485 1_100_d6b9f2ef_a94e_4236_b875_8467363742a2 19 north 20 23674 47347 473469
0486 2_12 36 south 20 23652 47303 473025
0487 2_64 50 north 20 24035 48069 480690
0488 3_4 36 south 20 24850 49700 497000
0489 3_64_e64c89d6_b082_412f_ba00_8d9b84fd52a6 43 north 20 25251 50501 505007
0490 3_85_1c65d698_a574_4b3c_9376_0af6e4b4597d 46 north 20 24404 48808 488080
0491 3_87_78940596_8df9_4db7_b604_289700bc8e7d 36 north 20 24009 48017 480163
0492 3_87_79f551a7_52c9_4606_ad53_61c94e1bba1a 34 south 20 24052 48104 481039
0493 3_87_f093fc02_f35d_4325_a94e_2a44629bb317 32 south 20 23801 47602 476014
0494 4_17_eda462ed_c129_41cc_bce3_f79ee9680580 41 north 20 27286 54571 545710
0495 4_2 18 south 20 24136 48272 482711
0496 4_27_20250550_787c_4fe0_ae87_377a46a1a246 36 north 20 26805 53609 536082
0497 4_27_f661fdc5_a3d2_4a92_a140_676ee99e5069 28 north 20 25286 50572 505718
0498 4_37 17 south 20 23847 47694 476935
0499 5_29 45 north 20 35400 70800 708000
0500 6_11_1ab56652_9414_4c1c_a650_e286aea4a679 54 south 20 25791 51582 515813
0501 6_11_a3ad4b1e_72a4_4582_aaee_436c87030148 55 south 20 27252 54503 545027
0502 6_22 36 north 20 23679 47357 473565
0503 6_3 50 south 20 26380 52760 527598
0504 7_81 50 north 20 29417 58834 588334
0505 14_104 38 north 19 34530 69059 690586
0506 14_69_8ae4980e_df64_4ca9_b278_55dd411a9f66 22 south 19 25212 50424 504232
0507 1_72 51 north 19 23854 47707 477063
0508 21_10_28e18a8e_f7ce_4261_bc46_b57aa7dc9796 50 north 19 37070 74139 741385
0509 3_85_a9d7121e_4c1e_42b0_bae3_d7ededa0849c 48 north 19 24659 49318 493171
0510 4_20_1933bfc1_7531_49a3_b386_ea2b146ee284 12 north 19 26726 53451 534505
0511 7_82 10 north 19 28982 57964 579639
0512 11_13_2f555127_6623_4517_aca8_1178d275a83d 36 south 18 24937 49873 498728
0513 14_7 55 south 18 32352 64703 647030
0514 17_26_9fb3f4a6_3a07_4194_9cdc_37113336b544 8 north 18 77194 154387 1543862
0515 17_37 42 north 18 33179 66358 663571
0516 21_9_753c90ee_59e9_4500_a197_64fd6432d213 53 north 18 46040 92080 920798
0517 2_56 14 north 18 25328 50656 506556
0518 3_64_035c52a4_0321_4572_8ebf_baae7a726de3 44 north 18 24426 48852 488512
0519 3_76_7ab1dd89_45c1_49b0_a590_0ac2c5ba23b6 20 north 18 23887 47774 477734
0520 3_85_75809054_f24d_42b1_a52c_db80b9878671 47 north 18 24155 48309 483086
0521 4_30_e8a6095c_cef8_4cec_a1f9_efcdd8f15786 38 north 18 23762 47524 475236
0522 4_5 19 south 18 24721 49441 494408
0523 4_6_c32a7d15_ceef_4727_bbcc_9be96b70f9ab 50 south 18 29958 59915 599145
0524 5_38 12 north 18 26458 52915 529147
0525 6_38_97a5626c_179e_43db_90d9_582a498c8d90 33 south 18 23863 47725 477242
0526 6_88_4d5d421f_60ad_455a_b700_7484fdf7e154 37 north 18 23825 47650 476492
0527 7_39 12 north 18 26458 52915 529147
0528 7_94_80ae9a0f_3c85_47d7_9f17_cbc51f4717c9 47 north 18 34928 69855 698547
0529 1_37 48 south 17 23817 47633 476330
0530 25_102_e2ae18fa_0345_4e21_b7c3_12d18eee49cf 35 north 17 40596 81192 811919
0531 11_15 43 north 16 24012 48023 480222
0532 25_102_043344f1_e6f3_4f5e_b2f1_0d25c7205c0f 35 north 16 32473 64945 649443
0533 25_102_286f4de3_2b05_4375_80c5_5c947123e156 57 north 16 40524 81047 810468
0534 25_102_29d57b3d_5db2_4965_ad5d_08d5381359a7 34 north 16 32024 64048 640480
0535 25_112 43 north 16 31000 62000 619996
0536 2_20 18 north 16 23712 47423 474228
0537 2_87_0945e903_81cc_4f48_bbdb_090fb9eb9469 33 south 16 23682 47364 473632
0538 3_118 22 south 16 23737 47473 474728
0539 3_19 34 south 16 24573 49146 491455
0540 3_87_5d05cacd_6bfd_4953_94a1_559dba5aea71 36 north 16 23739 47478 474771
0541 3_87_fc411a83_9f8a_486c_84a4_85f4c9268240 37 north 16 23761 47522 475213
0542 4_17_6ef2aec6_f7d9_4aa2_b211_3dda2d740522 42 north 16 25886 51772 517719
0543 4_27_90061414_626d_42a5_acc2_819cd7fd5d02 39 north 16 27511 55021 550201
0544 4_8 35 south 16 25433 50865 508649
0545 5_48 36 north 16 27601 55202 552016
0546 6_11_02fca8bc_c29d_4828_88df_8218d1d98a37 55 south 16 25911 51822 518213
0547 6_11_56fd27c6_4971_41c7_be3a_20b90a736e89 54 south 16 25300 50600 505994
0548 7_36_0d5721b0_d4dc_4b55_9816_58ef6ee3e17c 12 north 16 32316 64631 646303
0549 7_36_106f2034_5d68_44dc_aeff_48ec03192d16 11 north 16 27802 55603 556025
0550 7_54 10 north 16 32812 65624 656235
