0001 25_102_8e856e53_1f6e_43ad_9eb7_7f69b186655b 52 north 99 28848 57694 576931
0002 7_21 19 south 99 20720 41439 414376
0003 1_111 46 south 98 17448 34894 348931
0004 8_74_bd8145c3_9eed_47ee_bfac_fc286c2d8d22 35 north 98 26848 53695 536943
0005 5_47_a7d99a69_2911_4378_9505_76ee3c35406a_0 39 north 95 30135 60270 602695
0006 5_14 33 south 94 20268 40536 405351
0007 21_10_0bfc7663_d83b_4e05_8f9a_48ca6592bc56 50 north 91 38763 77525 775242
0008 21_10_863ca5cc_acb2_47bc_bb24_4e1a752f9615 50 north 91 32877 65754 657535
0009 21_10_8adb9110_cec5_4681_9d8d_18870dde286d 48 north 91 39334 78668 786672
0010 21_10_ec7164ec_3c42_4f75_9dbe_dc478ce15f7b 52 north 90 32873 65745 657450
0011 21_20_5b881503_8d66_4201_9e6c_06cd9ed98c15_0 44 north 90 23325 46648 466473
0012 7_94_4963f1d7_95d1_47e3_9589_b9589ac595e2_0 41 north 90 30887 61773 617718
0013 21_10_261133be_d4e9_4ffc_b672_26e05b42271b_0 50 north 84 28593 57185 571842
0014 7_34 29 north 84 24688 49376 493749
0015 4_27_426820ce_a4eb_4347_8aad_9b7fad12f525 37 north 82 19572 39144 391437
0016 14_185_0 36 north 80 28955 57909 579087
0017 1_100_b06798c7_bb21_412d_b889_a7169292529b 17 south 80 17466 34931 349304
0018 2_78_233c65c7_982a_47e5_9802_035d8a3e7a8d 19 south 80 17867 35733 357326
0019 4_27_c566a273_b019_4224_a4e0_2ff620e9f0f4 34 north 80 19260 38520 385192
0020 5_60_ae72847c_454b_4e96_aa17_eb0f9415f27a 46 north 80 26790 53579 535785
0021 6_82_0 12 north 80 18844 37687 376865
0022 6_88_f2684aa6_ffb2_49f2_b064_c08e5ba2c9d3 33 north 80 18086 36171 361701
0023 21_10_503f62a7_9c1b_447b_a848_e6b1f87d0db4_0 48 north 78 34344 68688 686868
0024 25_44_6a5e1c0a_df78_413e_97dd_e6e99f2379e2_0 10 north 78 41528 83055 830541
0025 11_11_0 22 south 77 19263 38526 385248
0026 6_84_0 13 north 77 18632 37263 372625
0027 7_6 53 south 76 22769 45537 455362
0028 17_41_0 36 north 75 27498 54995 549940
0029 25_44_2c933eb6_cdaf_4ac4_a17d_e348137e755c_2 17 north 75 33830 67659 676590
0030 3_87_ff109498_0e4f_433d_a761_3aa17ad47363 32 north 75 17536 35072 350715
0031 25_44_334819e0_3e28_4309_8ce7_ca1664ef74f6_0 14 north 74 33576 67150 671493
0032 8_8_0 18 south 74 18669 37337 373362
0033 14_174_ddc1c40e_c8f1_4732_811b_2c6e1212e9cd_0 31 north 72 25253 50505 505045
0034 14_69_f7fcb121_dbba_4fb7_9c84_520ddd0dee22 20 south 72 19047 38094 380927
0035 2_87_5ffc9cb7_6586_4532_adf1_e57c4fdac789_0 33 south 72 17316 34630 346298
0036 5_47_15a89eb7_5ad2_4a12_a8e0_7c29381c4514_0 41 north 72 29488 58975 589748
0037 6_88_a4a339a7_7650_48f8_a906_7dc711b1791b 36 north 72 18413 36825 368241
0038 7_94_94acb185_ed3a_4702_8153_06ff38064b55 48 north 72 26283 52565 525641
0039 14_89_737fde19_9e52_42a7_b35b_0a89ee0eef0e 48 north 70 21580 43160 431595
0040 14_89_be4ea3f2_e7cb_46ed_8901_95f140c71dad_0 48 north 70 20041 40082 400809
0041 21_20_1ebf9390_8f5d_4ee0_b642_1e78c628f717 46 north 70 21642 43284 432839
0042 4_27_2907ce11_0d70_4c9f_b40e_2eaa2542fb41 34 north 70 18387 36774 367726
0043 4_27_dd73a0d6_cf49_4113_aa0a_947346eaa760 39 north 70 19620 39240 392391
0044 5_47_845e16c1_7ce5_4341_9770_375539269e95_0 39 north 70 25581 51161 511602
0045 6_26_0 23 south 70 17836 35671 356702
0046 14_148 29 north 69 25207 50413 504121
0047 14_174_bf239cc9_46c4_4834_bc72_8c6b1ee71eda 31 north 69 28057 56113 561127
0048 1_78 18 north 69 17863 35725 357244
0049 14_191_0 52 north 68 22711 45422 454212
0050 4_27_c92511ea_b42f_4dba_a3b1_fc62dd56883b 36 north 68 19257 38514 385138
0051 3_9 52 south 67 18393 36786 367854
0052 3_98_02fd5d7c_e082_4131_b146_d9c74ea63c26 36 south 67 18262 36524 365230
0053 14_174_fc9c6183_2a27_4d3a_87fc_84e6f580ed4f 29 north 66 24869 49737 497361
0054 14_89_fc94c899_c2bc_4fd0_9c01_9530438cb2a2_0 49 north 66 21360 42718 427173
0055 2_82_0 46 north 66 17879 35757 357566
0056 6_88_d93f5e75_e357_41c2_b074_49187bcdd570 28 north 66 18462 36924 369232
0057 25_44_d795e099_c551_422a_a12d_37e86b3837a4_0 17 north 65 43575 87149 871482
0058 6_69_0 37 north 65 25054 50108 501072
0059 8_71 29 north 65 21671 43341 433396
0060 21_10_edac00be_8b17_41b7_816c_318d54fe4f1e_0 52 north 64 28617 57234 572340
0061 4_14_58fbf3db_6a2a_480a_afa0_f9657fb3cbd2 33 south 64 19170 38340 383395
0062 8_74_8dd9f6f1_6168_49b3_b023_150460955c39_0 37 north 64 27412 54823 548226
0063 2_78_5a9ca181_3d38_45de_935a_834c86cfe170 17 south 63 17688 35375 353745
0064 3_91_3e83d10c_e969_4aff_bdc3_40925ed55d3b 21 south 63 19326 38652 386513
0065 3_91_a986c79a_f625_4c0b_9b8d_798f6d18577c 22 south 63 18010 36019 360184
0066 3_76_ba44df5e_01f1_4ba4_b5a2_7a19444d4869_0 19 north 62 17961 35920 359196
0067 4_30_aafc4efb_d1d1_4b0a_90fd_c6a3eb8b9c06 37 south 62 17772 35544 355433
0068 25_44_819409ac_564c_4f60_bd01_b25757d7e950_0 19 north 61 43578 87156 871553
0069 3_91_4e179b12_1bb6_4dcb_9a22_c01e7a449684 22 south 61 17703 35406 354060
0070 4_30_6ed31c0c_e9d5_4f30_b779_c5617a0ae987 37 north 61 17976 35951 359502
0071 11_30_7a75b413_07ae_4894_bba4_73edad4b845a 43 north 60 20830 41659 416582
0072 11_30_e4db8b2d_12be_4e73_a6fe_c84ea4c23980 47 north 60 22169 44337 443370
0073 14_61_5983ba09_709b_467e_b3d1_6eca41559fae 55 south 60 19207 38414 384132
0074 1_100_06018005_adc9_4444_855b_921e8cd405a6 17 south 60 17584 35167 351664
0075 21_10_ea9c2c5d_1e8d_4bca_bb0a_3cf51e9f6404_0 52 north 60 37727 75453 754528
0076 25_102_7382c7f4_921a_4eb0_b33f_84801e0668e6 36 north 60 52757 105513 1055124
0077 25_44_371afa8a_bfac_40c7_92b0_ce168f4f475c_0 15 north 60 29292 58582 585812
0078 25_44_45dab36e_67d9_4ba0_a243_a73ed6b6ed11_0 12 north 60 38436 76870 768696
0079 25_44_a567493c_b18d_49e5_8b75_c4a112618ec3 17 north 60 38545 77089 770885
0080 25_44_ad440df4_4231_4bbf_b75e_94bfbc99a123_0 14 north 60 38295 76588 765877
0081 25_44_c8600a13_c340_4202_98a5_f7cdb6369fdb_0 15 north 60 26781 53560 535592
0082 2_79_0 28 north 60 17849 35697 356970
0083 4_27_8768d480_d18e_48f6_a3bb_973df71ee05f 36 north 60 18590 37179 371786
0084 5_60_13f68f3b_ea88_4707_93dc_e5d915beb616_0 43 north 60 26556 53112 531108
0085 11_3 35 south 58 18891 37781 377805
0086 25_102_caee3715_634c_436f_8ef5_3b61c39960c0 34 north 58 52865 105729 1057278
0087 25_44_0f4014d8_35bd_42e1_9034_f858da74f1a4_0 8 north 58 36770 73539 735378
0088 4_27_e5f47074_836f_45c5_8c97_1cb5121449c7 37 north 58 18361 36722 367210
0089 25_44_e16bfd9a_12fa_4deb_a4c5_6d19e0b27b20_0 3 north 56 44037 88074 880738
0090 3_76_69fe6382_8a8c_480f_ace8_07da1406ddfb 20 south 56 17703 35404 354038
0091 4_17_664b0ca6_f286_4aa4_b7a0_27c6a7047bb1 42 north 56 20886 41772 417719
0092 6_25 36 south 56 17856 35712 357117
0093 7_36_4fb0d938_632e_448d_9aef_09acc9326063 13 north 56 20594 41187 411866
0094 7_36_cbdfee7a_05f0_4993_95b8_3f5e71ff68a8 13 north 56 19845 39689 396883
0095 11_13_37ebd9c2_344e_4b1c_9435_7d604baff2a6 33 south 55 18788 37575 375750
0096 11_30_3833a9b5_63cc_4ffb_86d1_788d9f09d8ab 49 north 55 23880 47758 477571
0097 11_30_fbcb6c25_c00d_45af_bea9_3b2c502f7600_0 45 north 55 20934 41868 418671
0098 1_74_93a7deac_9c99_4948_bce6_76e3790459c6 52 south 55 17502 35002 350013
0099 25_44_fe38a323_baab_4c91_a5ba_0af1a0164b30 13 north 55 29201 58401 584010
0100 4_27_a6f917db_e6fa_42c2_ade3_7d3bebac276d 34 north 55 23430 46858 468571
0101 5_13_5523fa02_6ef5_4c3b_b733_5b70a7093aea 19 south 55 18405 36810 368100
0102 5_60_9fed7fbf_e4fe_422a_884f_522348258199 44 north 55 26368 52736 527352
0103 6_49 39 north 55 22309 44617 446165
0104 7_36_7be652de_1d6a_4b01_bda5_69a73c8545b0_0 12 north 55 18870 37739 377385
0105 25_44_430ee568_7276_48e4_88d2_6a16fdecca27_0 19 north 54 38442 76884 768836
0106 2_104_0 43 north 54 17986 35972 359712
0107 3_91_d96d37aa_c13b_4586_990f_774c3660dffd 21 south 54 18567 37134 371333
0108 7_22 50 south 53 23649 47296 472956
0109 7_28 34 south 53 19389 38776 387754
0110 21_10_fcc9447b_fae6_4307_8729_90d9575e5b12_0 46 north 52 39651 79301 793000
0111 25_44_0b983b45_cace_4f68_872a_9a4a54818748_0 10 north 52 48803 97605 976039
0112 25_44_a806cb80_3e4d_43a7_9a50_46a04f514eb0_0 8 north 52 48797 97593 975924
0113 2_78_3d44e11a_d7af_43d4_9dc4_cb3d9debf0be_0 21 south 52 17619 35238 352377
0114 7_86 29 north 52 24552 49104 491036
0115 14_68 35 south 51 20279 40557 405564
0116 3_88_0 17 south 51 17853 35704 357036
0117 3_98_6b007cd1_6fd8_49d9_a8a9_2e661a742032 37 south 51 17889 35776 357758
0118 1_74_a8c53bcb_22ae_4700_8c7d_a28a8bc8eaf6 54 south 50 17844 35687 356859
0119 25_44_8884fb37_1fbf_4636_b047_83df33f7aeef_0 19 north 50 31965 63928 639276
0120 25_44_ceb6ac75_475a_455b_b89f_9e2e83c0a835_0 13 north 50 30362 60723 607221
0121 3_91_740532db_6703_4bff_a78e_e2cc5222132b 19 south 50 18059 36117 361160
0122 3_91_75612dfc_ca1f_447f_b886_44dd7af19020_0 23 south 50 17898 35796 357946
0123 4_17_98f6ce28_48e3_47bc_b94b_237cfe5ae451 39 north 50 21514 43027 430266
0124 6_10 49 south 50 20994 41986 419858
0125 7_94_07f1ff86_52b9_4c71_83e3_5a9517e2a523 49 north 50 30495 60990 609894
0126 25_44_55ad6cdc_6fdf_4056_a2d7_30f5511da5f9_0 18 north 49 45867 91734 917333
0127 2_57_0 46 north 49 18430 36859 368585
0128 2_78_f86b3ef3_7005_4b08_8ba0_0bc6fd42edba_0 20 south 49 17663 35325 353249
0129 5_12 51 south 49 23566 47132 471315
0130 6_38_8a371cc7_fa5d_4d34_a87b_5d92561d29d6_0 34 south 49 18826 37651 376503
0131 8_11 50 south 49 19798 39596 395951
0132 25_102_5c70f84a_7cc0_49af_a018_c2bcdc9dfcdc_ac98a620_197b_4905_8ad8_5a3280263395_0 42 north 48 45659 91317 913166
0133 25_102_9eec1bf9_f725_4417_a4e6_9c3bb9970660_07d1d7e0_d8a5_439f_b3a9_da71b314d713_0 38 north 48 45545 91089 910887
0134 25_102_9eec1bf9_f725_4417_a4e6_9c3bb9970660_659c1c5f_c0ad_44c7_8cc1_311d0d8c52e1 40 north 48 45606 91212 912108
0135 2_78_8da22a1b_3990_4047_a60a_0767ff37db73 19 south 48 18159 36318 363178
0136 3_91_e0aab820_4060_4107_b586_f43ca612d3ca 20 south 48 18591 37181 371802
0137 4_27_bc44a18f_5d4b_4367_9cbe_45dca7d405d1 29 north 48 23575 47150 471494
0138 5_13_dc8ef5c2_92fe_4ade_b71d_e39b41311a0e 19 south 48 18595 37190 371894
0139 5_37_0 10 north 48 23316 46632 466311
0140 6_33 19 south 48 19504 39007 390066
0141 6_88_2cef54de_62c8_465e_ae46_d45432038fde_0 30 north 48 18115 36230 362289
0142 6_88_3ccbdb3f_eac0_45a4_a3d9_4d9bf1ceb2ca_0 37 north 48 17928 35856 358546
0143 7_36_3b349515_030e_4d51_8ae9_f4f8472e83ac 12 north 48 19581 39161 391602
0144 7_36_c3384b14_6d3e_4c4c_a617_e75d9ccea1ce 12 north 48 22611 45222 452208
0145 7_36_d4a7b309_e2d6_4ae4_a125_55331d2b36e8 13 north 48 18848 37695 376942
0146 25_102_503e1b02_7394_432d_94d5_a5c625fbe5e1 37 north 47 25808 51615 516137
0147 3_14 38 south 47 18285 36569 365680
0148 6_89 43 north 46 18542 37083 370816
0149 11_30_083b4766_0577_4f83_9eb6_0ae6e87730fb 44 north 45 22029 44057 440559
0150 11_30_6578a9ab_7c2e_42ec_be3b_f885870b98ac 47 north 45 19859 39717 397156
0151 11_30_f82b0908_cfbd_40c8_b3c5_50e57b02cc52 47 north 45 20850 41699 416982
0152 21_10_321f5f50_1d6c_47a8_8ac5_1129218614cb_3 46 north 45 38050 76100 760994
0153 25_44_1f3dbd08_d2ff_4928_8c3a_f6163f955b8b_0 13 north 45 40821 81641 816401
0154 25_44_56fd4a4e_7b56_4f8c_8a95_a14c2f80707c_0 13 north 45 36528 73056 730550
0155 25_44_9f78c661_ca0b_43d4_966a_38748bdcee39 14 north 45 36452 72903 729019
0156 3_12 54 south 45 18164 36327 363263
0157 3_91_13cdf83b_267a_4216_9966_6e72255ea7d5 21 south 45 18229 36458 364569
0158 4_6_55d1eae7_622a_4ab4_bef5_d12428b5ef78 49 south 45 20268 40536 405346
0159 4_6_5e138a82_3137_445b_b1fa_3cb289401780 53 south 45 22623 45245 452441
0160 4_6_ae120e03_aa14_4f39_89f4_6530ee0dc227 52 south 45 19529 39057 390559
0161 4_6_fb4df8b4_bcfc_4ad9_86f3_02782e742005 52 south 45 20357 40713 407130
0162 5_1_ba75f583_add5_4738_ac65_2941ae00d82c 19 south 45 19793 39585 395836
0163 7_18_e3aedac3_6822_4d71_afdc_c889d62df39f 19 south 45 18468 36936 369350
0164 8_48_69af46a9_aea6_4ba1_af02_781d61d1c835 10 north 45 19479 38958 389580
0165 8_61 30 north 45 25803 51604 516033
0166 14_197_7405a2dc_fa14_48a1_bdef_d6f844359eda_0 16 north 44 20492 40983 409825
0167 25_102_0612589f_1410_46df_aa7c_93a5847f3d53_69e77564_9eb2_42d5_b8a0_266ce4dcedf1 35 north 44 44631 89260 892594
0168 25_102_5c70f84a_7cc0_49af_a018_c2bcdc9dfcdc_62814587_9f49_479f_8f42_753b2b9a195f 44 north 44 44976 89950 899498
0169 25_102_ac4f18af_d68b_469e_94ab_ed89fe1b5249_1 46 north 44 44912 89823 898230
0170 25_44_763051e4_cd62_471e_b5a5_33762db85771 16 north 44 36601 73202 732009
0171 4_27_36386af9_9ff0_411f_aacf_a8667453ba33 32 north 44 19404 38808 388072
0172 4_27_37f0ae9a_2b0f_432f_80b0_692e11402b08 32 north 44 20105 40209 402088
0173 4_27_3c9ddfb2_93aa_4232_ba44_e9a7bd41512e 31 north 44 22150 44299 442986
0174 4_27_64ee2edc_ec71_40ce_acc3_ab43012e6ec0 32 north 44 18822 37643 376425
0175 4_27_7e4d27e4_b5f3_4f92_8bc8_d500685ba49d 29 north 44 19497 38992 389916
0176 4_27_998530fb_2656_45f6_b085_b554082f7239 32 north 44 18347 36693 366918
0177 4_27_cab81d29_d2b9_4369_b406_a690606747f2 31 north 44 21091 42182 421810
0178 4_27_e7a5d8c5_aef4_4b2d_a919_eaba84368fd9 29 north 44 20197 40393 403927
0179 5_60_6d9046b9_7834_4f69_8166_d04241883f1f 48 north 44 31459 62918 629169
0180 5_60_94bb1d6c_c618_404b_a6af_73b1256dd4a9 46 north 44 28701 57402 574011
0181 7_94_2ea8c580_c502_4f11_8725_1c7f8eaf04f1 48 north 44 33702 67403 674021
0182 7_94_35e8a724_ced1_49ae_8a79_f4a5e78230b5_0 46 north 44 34022 68043 680418
0183 7_94_70584069_dcaa_4e99_a511_701752c08c61_0 44 north 44 33882 67763 677619
0184 7_94_ae026b55_ed02_4657_a7e3_c00564867f03 44 north 44 30916 61832 618312
0185 11_30_578c0943_62b8_49e5_a46e_545cd2e3f4d3_0 48 north 43 19782 39564 395634
0186 14_61_386803a4_6681_4c21_9517_72b2a9021f28_0 55 south 43 20136 40270 402696
0187 14_89_1e1182c0_baa3_4a8d_82b9_e09e976f08f2_0 49 north 43 20058 40114 401132
0188 4_27_5155a96b_5946_4de4_a517_ada9c06a53df 31 north 43 23409 46818 468175
0189 11_12_05feb0a5_e9a1_4d57_a10f_6a0fcf7281e9 19 south 42 18777 37553 375521
0190 14_69_98fa03aa_99cc_4064_9a71_23cb86363887_0 20 south 42 20743 41486 414849
0191 14_97 18 north 42 17799 35598 355980
0192 2_87_5b0c7a13_48be_4a48_8a26_85c8a5c232b6 33 north 42 17211 34420 344193
0193 3_49_0 16 north 42 19763 39525 395245
0194 3_85_c5e49a10_a0c5_488f_b579_520d0f1e60e2 46 north 42 18246 36491 364899
0195 3_91_0c651624_5739_4558_adc6_a4d104218942 20 south 42 18996 37991 379899
0196 3_91_d90ea277_9a29_4e14_95e6_f16f50431950_0 23 south 42 17595 35190 351897
0197 4_14_001b3e0d_3be8_40fc_8484_a95c9ce02742 32 south 42 18012 36024 360228
0198 4_25 13 north 42 19973 39945 399438
0199 5_61 41 north 42 20830 41660 416590
0200 6_38_5efa23c5_aed2_4ff0_9c14_201a40cfb90f 33 south 42 18410 36819 368181
0201 6_48 41 north 42 19318 38636 386351
0202 7_36_fde0a7dc_dcb1_4e7e_8e52_a6f8d6f1bec6 10 north 42 24105 48210 482090
0203 7_94_31a2bb69_2412_4186_a866_6962cf5c53c4_0 43 north 42 25619 51237 512363
0204 3_48_86308410_b283_460b_9b72_71af7f5fa896_0 13 north 41 19440 38879 388785
0205 6_78_dbb65c69_e9af_4adc_abf7_4c8c89e2f544 42 north 41 19018 38036 380354
0206 8_76_0 34 north 41 22089 44178 441767
0207 11_10_9c2fd3ca_06be_4204_950c_2482ce5dcc02 19 south 40 18400 36800 367990
0208 11_12_e8cf43b7_f582_4ae0_acb3_cd1146e38ae0 18 south 40 18297 36594 365930
0209 11_30_2b66179e_550c_41f3_854c_05ea5e7363ef 42 north 40 22353 44706 447054
0210 11_30_b9e044cc_0e08_4e57_ab21_eb8a99548146 47 north 40 23637 47272 472716
0211 11_30_f5cdb3df_027e_49c9_898c_b4efcf72daf6_0 44 north 40 19626 39252 392514
0212 14_197_e33a35e4_9a77_407b_a1a5_97b397a37dfa 16 north 40 23446 46892 468909
0213 14_61_490ffd3f_faaa_4f2e_b145_5c2087174926 54 south 40 23309 46617 466166
0214 17_50_13899937_f6d8_4656_a37a_08065aa9e683 10 north 40 30630 61260 612594
0215 25_102_0612589f_1410_46df_aa7c_93a5847f3d53_c7b76017_f4a3_4842_b2ec_91862724d0ca 37 north 40 44736 89472 894720
0216 25_102_d018e04f_a790_4963_9cfc_3062fe4c8e18_69d7aee9_d5b6_4321_842c_48bff1d4a12e 32 north 40 44461 88921 889201
0217 25_102_d018e04f_a790_4963_9cfc_3062fe4c8e18_e2b80ca0_c5bf_481a_aff9_040080880f56 34 north 40 44561 89121 891205
0218 25_44_09964bd1_d3f8_4cea_bede_3a5ad3e44993_0 17 north 40 27240 54480 544793
0219 25_44_1cc6aa52_d202_4574_a38a_ce1b17281769_0 12 north 40 40871 81741 817397
0220 25_44_2b665964_1bea_47e8_9033_0df8457c1ff7 14 north 40 26127 52254 522534
0221 25_44_3aa06365_6001_4dda_9224_0cb2925c9c31 17 north 40 25191 50380 503795
0222 25_44_48dd9186_1009_4758_9c2b_37224dd1b7aa_0 12 north 40 36582 73164 731634
0223 25_44_a7447966_3d7f_4b4c_8b6e_a039b0be0db6 11 north 40 27084 54168 541677
0224 25_44_c90ad0c5_baa1_4d42_9585_d71ff7a5cc1b_0 11 north 40 29391 58782 587817
0225 2_78_fa5c32db_3871_4ea3_9ddd_a8fa58d9e37e 20 south 40 17688 35374 353736
0226 4_27_154cde10_05ec_4662_8c7c_09badff5f1e3 31 north 40 18611 37221 372196
0227 4_27_2d517a6e_8914_4783_be14_31042e659f98 31 north 40 24651 49302 493011
0228 4_27_42a9102f_3e6b_48d4_8758_16c0b1ade5b2 28 north 40 19672 39344 393432
0229 4_27_4cb5a31a_f11f_4731_9e9d_c132d7f064af 31 north 40 19631 39261 392607
0230 4_27_6bfc7f20_93e8_48ef_a023_cb7cfc41b18e 29 north 40 20919 41836 418357
0231 4_27_759f5d98_cc4c_4001_818f_6e902dcadcb7 29 north 40 21978 43956 439555
0232 4_27_8ac2e3dc_b885_49c8_91fb_7f528efcb7b9 31 north 40 19049 38097 380969
0233 4_27_8f2a9fa5_daeb_4160_93bf_ac2e050040fc 33 north 40 22244 44487 444867
0234 4_27_c08aaea9_bab9_489d_81c0_ef7d91670271 31 north 40 20331 40662 406611
0235 4_27_c47e0647_03a1_487e_a2fb_29fba3ff14f4 33 north 40 21186 42370 423698
0236 4_27_de07cbfb_a0d2_4737_ac30_85c73a3dfb1e 28 north 40 20377 40753 407521
0237 4_6_04dbe2b3_b9d6_4804_85de_64c9cbd57e42 51 south 40 20448 40895 408944
0238 4_6_c973dcf5_2efb_4a4a_9e3f_4e3e93f728b6 51 south 40 19604 39207 392059
0239 4_6_ff325180_f5a9_474d_a890_7a17a3752fd6 53 south 40 20293 40585 405843
0240 5_1_6ca916cc_11ea_42ff_9114_637b36564ee7 19 south 40 19305 38609 386084
0241 5_46 44 north 40 29601 59201 592001
0242 5_60_029fe013_817b_44e1_a883_c5e4f2481a7a 44 north 40 28465 56930 569289
0243 5_60_17020c73_071f_4851_b7b1_c2a967e71346 43 north 40 28633 57266 572655
0244 5_60_ba8ba5a4_e54f_4838_98db_87972febbb5b 44 north 40 30753 61504 615031
0245 6_11_a5c0f0a8_dcc2_4b9a_b5c4_4a2519c2c26b 53 south 40 19002 38002 380018
0246 6_88_fd318886_7ac0_416e_bec8_995134bed6f0 32 north 40 18211 36421 364203
0247 7_94_02dcf21f_d337_471e_ad6c_3af773f80711_0 42 north 40 27595 55189 551883
0248 7_94_20620731_b4bc_45d2_803a_1a1f148afffe 41 north 40 25766 51531 515310
0249 14_197_65c6256e_8e6d_40c5_b892_5c9c2c458a9c 14 north 39 22074 44146 441456
0250 1_81_931995f0_1ee6_41e6_be8f_df65550626f9 49 south 39 17720 35439 354381
0251 25_102_071b7fc2_3a23_4ed0_9a5d_054b3295a75f_2a8d12ea_c3e2_4ce1_ace8_8799b2be1011 49 north 39 58824 117648 1176468
0252 3_41_0 15 north 39 18032 36063 360627
0253 25_35 21 north 38 27537 55074 550735
0254 25_44_7adc03e5_77e4_486b_81d6_0ada2df5a305_0 18 north 38 27218 54435 544340
0255 3_87_21ed973f_c702_4b7e_85a1_54e08cd8ceb8_0 29 north 38 17838 35676 356751
0256 8_70 29 north 38 22690 45379 453786
0257 2_33 23 south 37 18135 36268 362678
0258 4_27_08003592_688b_41f2_816a_99167bc552d9 28 north 37 21115 42230 422294
0259 14_69_5cdc2c0b_0955_4151_9148_5801aa24b309_0 21 south 36 19108 38215 382143
0260 14_69_65b616e5_b8d7_442a_bbd1_8fb5ed54ca36 21 south 36 19819 39638 396375
0261 14_69_7d41ac3d_a320_4de8_b25f_06ebad90dded_0 20 south 36 20655 41310 413098
0262 25_102_071b7fc2_3a23_4ed0_9a5d_054b3295a75f_724c9cd4_983b_41e4_a8db_3788688e7d50 51 north 36 55518 111036 1110355
0263 25_102_1e28bc13_e3fe_4a62_8737_636e3312528e_8a7dc5b5_2686_4b0f_a7ff_93721ed0dfce 40 north 36 55720 111440 1114395
0264 25_102_4f232b2e_f33b_4100_b9bb_81561d888343_0 36 north 36 35204 70407 704060
0265 25_102_53c5c657_0e1a_4257_bf63_da1f9646c214_5a14d932_96c1_49d4_bef4_7cb41da04f02_0 46 north 36 55683 111366 1113654
0266 25_102_53c5c657_0e1a_4257_bf63_da1f9646c214_5d07931f_ab88_4966_aa4d_990c26e185c6 47 north 36 55382 110763 1107624
0267 25_102_5c70f84a_7cc0_49af_a018_c2bcdc9dfcdc_599e2d88_d9af_4cf9_b839_a4a6ce6cb16e 44 north 36 50259 100517 1005165
0268 25_102_5c70f84a_7cc0_49af_a018_c2bcdc9dfcdc_c062dbc5_ecfe_41b0_954f_afbed8af8879 42 north 36 50214 100428 1004280
0269 25_102_7518de3a_25c4_4ca3_b736_5ed0e4c79e4e_80009164_8945_4150_b5b0_ad8ec39198fe 44 north 36 41508 83015 830145
0270 25_102_9eec1bf9_f725_4417_a4e6_9c3bb9970660_3e43b18e_0674_44b1_a0e8_6fc61ab8db5e 40 north 36 50163 100324 1003232
0271 25_102_9eec1bf9_f725_4417_a4e6_9c3bb9970660_5b7926c8_94bb_454d_a972_351e56d1d7a6 38 north 36 50102 100203 1002022
0272 25_102_ada76b9b_0625_410d_bde6_824263252ff5_6804b8b4_6f95_47d6_a990_55da5a720124 42 north 36 55804 111608 1116075
0273 25_102_f76076bb_4495_4073_a3a9_71c4f26a3d25 33 north 36 35976 71952 719518
0274 2_78_0d495f94_6baf_40f4_8c2d_5f38bec21625 19 south 36 17675 35349 353489
0275 3_98_0ee7472f_15d0_4778_9f16_03f0bcc7d7e5 37 south 36 18138 36274 362734
0276 4_20_24d36e65_f9b2_4413_8b5c_753d1aae3c6e_0 11 north 36 19539 39078 390771
0277 4_27_aeaf6306_9ac2_47b6_93ef_e2764e3a3195 37 north 36 21986 43971 439705
0278 4_27_bbf9f397_3e4a_456b_89dd_4e24e75ae3ed 37 north 36 23030 46059 460583
0279 4_27_be3008b3_e38a_4491_8080_29dc3d859df8 37 north 36 24228 48455 484542
0280 4_6_68ff1119_f124_490f_8b2d_e687d5844553 52 south 36 21437 42873 428728
0281 4_6_deb8e057_d1d0_4a10_b1aa_501ff06039c8 53 south 36 21355 42710 427095
0282 5_1_0206bd79_d57a_45a5_b20c_cbc2e5c93f8d 19 south 36 18531 37060 370598
0283 5_60_633a30d6_02be_4f50_9cdd_7f71a6bcadce 48 north 36 27880 55759 557587
0284 5_60_db5766db_d07a_4303_aa8c_b28529b902ff_0 43 north 36 24113 48225 482244
0285 6_11_1c14ccb4_a3ee_4dd6_9709_f2eed5c4d377 52 south 36 19482 38964 389637
0286 6_11_dbd488b2_eefb_4934_a163_2627b72cc529_0 52 south 36 18930 37860 378592
0287 6_38_7328f8b6_7bd2_4731_89c5_231cea3ddeaf 34 south 36 19376 38751 387507
0288 7_36_2824398c_0e1f_4905_a0f5_5b0d9510901a_0 11 north 36 22096 44191 441902
0289 7_94_352d3bdc_b1a7_4827_9d40_3a728382cfc5_0 45 north 36 35289 70578 705768
0290 7_94_7806b8a0_8a21_473b_b814_ce669dbdd607 41 north 36 27298 54595 545946
0291 7_94_cd54db4b_ccf2_405f_b0d8_ad002f914f22 40 north 36 25851 51702 517018
0292 11_13_36e1d8fe_9914_4668_9510_3755b4a450a1 35 south 35 18250 36499 364983
0293 11_13_d3016328_36c9_45f2_bbd5_409c91a83a43 35 south 35 17949 35898 358972
0294 11_13_eb5a1b6c_4f6c_4a8a_9396_6365a4d43628 34 south 35 17996 35991 359906
0295 14_69_cffde987_0f91_422f_8d63_a3071b30f347 20 south 35 21480 42960 429599
0296 17_42 41 north 35 25677 51353 513519
0297 21_10_2f567896_efbc_4c74_a936_797765fe797f 49 north 35 20037 40072 400711
0298 25_44_9ea01687_adf8_49c1_be38_3e4b259a5f89_0 12 north 35 20333 40665 406649
0299 25_44_b4a0607f_a5d6_4723_8533_7e6e67c474dc 12 north 35 19380 38758 387575
0300 2_78_cfd39140_318c_448a_941c_1183079064f1 19 north 35 17890 35779 357787
0301 4_20_41829c01_777a_4bfa_a664_bfb673837702 11 north 35 18854 37707 377061
0302 4_6_c597b645_d8b4_4efe_9f7a_608b79511096 53 south 35 19373 38745 387436
0303 5_4 53 south 35 22580 45159 451584
0304 6_38_2592fdf2_2eb8_4892_9595_4425cf21a4ae 35 south 35 19563 39125 391239
0305 7_18_4035b6bd_1fef_4eea_9154_a73c14b370cd 18 south 35 18471 36940 369396
0306 7_18_a450de19_6f77_4c38_83a5_53113c79ee28 19 south 35 19017 38032 380316
0307 7_36_26249833_986d_4349_a9cc_5e850f8b3546 13 north 35 26758 53515 535144
0308 14_4 58 south 34 24870 49738 497373
0309 1_50_0 20 north 34 17713 35426 354249
0310 1_81_ae3397b0_9826_4393_93c4_7d5daa6f4df5 50 north 34 17720 35439 354381
0311 21_10_b815c82e_0307_4e0e_93a9_26f91364a293 50 north 34 24057 48114 481126
0312 25_102_9b92636e_4af6_48fa_accd_5b4e732b0c7c 57 north 34 30147 60294 602933
0313 25_44_723ab065_e143_400f_b278_928302e84341_0 14 north 34 40751 81501 814997
0314 3_91_c5c17dd1_5c23_4361_a3c3_77b331aa7027_0 23 south 34 18983 37965 379639
0315 25_102_0612589f_1410_46df_aa7c_93a5847f3d53_d165c249_a160_44d3_a866_0ff38a16a9c7 35 north 33 48905 97809 978086
0316 25_102_1e28bc13_e3fe_4a62_8737_636e3312528e_ffdc93d1_ec3f_4191_89b8_80fd4a490d94 39 north 33 55947 111892 1118916
0317 25_102_7518de3a_25c4_4ca3_b736_5ed0e4c79e4e_9b7a8862_d2da_43e5_8a89_5812412c18f1 42 north 33 41437 82873 828724
0318 25_102_7518de3a_25c4_4ca3_b736_5ed0e4c79e4e_cfb4429e_3d27_403d_b172_3418fdb98b18 44 north 33 37938 75876 758750
0319 25_102_a8e17245_17bf_4dca_b6ba_73be4baa04c6_0_1a81148e_643d_4453_ab56_90663c80f991 32 north 33 39107 78213 782116
0320 25_102_aa5fd30e_9601_4eeb_abc2_70339496f513_5f15f64a_463d_4d3f_afa2_cbc67f159118 35 north 33 40968 81935 819345
0321 25_102_aa5fd30e_9601_4eeb_abc2_70339496f513_74cf53a7_a1bb_4ada_a75a_062d29d38c79 35 north 33 37814 75627 756258
0322 25_102_ada76b9b_0625_410d_bde6_824263252ff5_1501c72b_eb17_474e_89ee_e7ebb006f1a0 44 north 33 55872 111744 1117428
0323 4_14_f260ef7c_b989_4d94_94c1_e069057e6f88 33 south 33 18538 37076 370750
0324 4_27_2d38d3d5_128e_41d8_9418_48df774cc472 29 north 33 18660 37320 373187
0325 4_27_a5ef8cf5_7a01_4d92_96cf_fbda56edaf8e 29 north 33 19038 38075 380740
0326 4_6_bb38fb99_ac31_4f77_aed6_c10ed2c00d6a 52 south 33 23271 46540 465395
0327 5_60_f85e0d34_0537_496e_9a66_18e7acda07f5 46 north 33 32447 64893 648927
0328 6_11_8a7915b8_425c_44dd_97fc_3272eb8bbe68 51 south 33 18869 37737 377367
0329 7_94_136d89f6_b19d_4dba_96d6_13493877b433 46 north 33 33474 66948 669477
0330 8_74_b5dd1959_b93b_4845_b619_8793a6275db4_0 37 north 33 26103 52205 522042
0331 14_197_3330b570_7942_4c7a_90aa_22354509d98d_0 16 north 32 25587 51174 511732
0332 14_197_ebdd1c29_fb45_475d_9401_a8b4d80728bc_0 15 north 32 25351 50702 507013
0333 14_197_f70268f8_20bc_46fc_bef2_9c1787c28551_0 15 north 32 23985 47970 479694
0334 14_9_0 59 south 32 20800 41600 415992
0335 21_20_0be386c9_8ac3_4275_ae9d_4af8124671dd 44 north 32 23502 47004 470031
0336 21_20_cee7b6cd_8d4c_4054_8e52_118b215b440e 48 north 32 25714 51428 514275
0337 25_102_76d026da_97b9_4645_9a59_8fa4d0e372a2_0 35 north 32 35598 71196 711953
0338 25_102_fa9b1340_ca88_44b5_a4c4_3f363a7c06c3_0 32 north 32 40986 81972 819715
0339 25_44_c412194a_bc8b_4f0c_8388_cd92f1ffdc54_0 12 north 32 20031 40060 400593
0340 2_78_594c5233_d92e_4455_a30a_73d3c41fcd5b 20 south 32 17903 35805 358049
0341 2_87_cf8567ed_6603_4a88_bd41_6615630ef2f2 32 north 32 17567 35133 351330
0342 3_87_14a18d90_bd16_49d7_b2cf_6cb7a1c3f880 32 north 32 17655 35310 353097
0343 3_87_2a96028e_ced4_4c58_83ae_c91d3ddacd2c 29 north 32 18112 36223 362227
0344 3_87_3c7e2ef5_e073_44a5_ad6a_1e2073a69d6d 31 north 32 17793 35585 355841
0345 3_87_4d393272_5ca2_4c4e_8de7_5f9941358168_0 36 north 32 17809 35618 356169
0346 3_87_517ded97_2ea0_4e28_8045_f5702d647594 34 north 32 17720 35439 354377
0347 3_87_5e4866d5_104d_4fc6_b4c3_eb4f24e55fda_0 28 north 32 18440 36879 368786
0348 3_87_6242e068_4d12_4fb6_abb6_294667b25453 34 north 32 17850 35698 356978
0349 3_87_6c508e98_b95a_42e6_8253_f2487bfb9cee 36 north 32 18273 36546 365457
0350 3_87_6f6aa8ce_3275_49ba_ad95_63ef4bafeb80 32 south 32 17533 35066 350652
0351 3_87_7184c845_2d1c_4fde_af46_6e6add3511dd 32 north 32 17526 35051 350502
0352 3_87_7f1c1ca3_6ce4_455f_9d83_1ef6ee084439_0 36 south 32 17650 35299 352988
0353 3_87_b6bbbf27_4508_4f97_9cf9_7e6355df607e 35 north 32 17832 35664 356627
0354 3_87_c26dbe9a_56b3_49c3_9b53_8044d4a4d779_0 35 south 32 17711 35421 354201
0355 3_87_ce566307_9640_439c_936d_223ff887830d_0 35 north 32 17704 35407 354064
0356 3_87_dbae61eb_3e1b_4d8f_b8f5_94780a66324d 29 north 32 18412 36824 368231
0357 3_87_f52f75d1_864b_4b53_a9f5_d422e6d5c97c 30 north 32 18296 36591 365905
0358 3_87_fddb62e9_4a9c_4d06_b165_f2102a591bcb 34 south 32 17850 35700 356994
0359 4_17_4f41c5b7_2d16_444f_8296_909a53839620 41 north 32 21270 42540 425387
0360 4_27_7004fccb_9c55_48fa_98a9_e4fb8c1a579b 34 north 32 21819 43636 436358
0361 4_27_c583b2b3_b87c_4f0e_9db6_da026b8dc7fe_0 38 north 32 23000 45999 459986
0362 4_6_d527a345_8a95_493f_98b6_14be03730f06 51 south 32 22685 45369 453678
0363 5_13_d5d218c2_ae0f_4691_abdd_4132807b81e0 18 south 32 18439 36877 368767
0364 5_57 30 north 32 23540 47079 470784
0365 6_11_2548baed_8f73_4108_aabe_dfe82eeb635d 51 south 32 19556 39111 391104
0366 6_11_6b2a9fc8_d565_461e_b5d2_fb5880e467a7 54 south 32 19661 39321 393208
0367 7_67 45 north 32 22155 44309 443079
0368 7_94_74382ec6_5b84_49c1_a6fb_caa9c36be3b7 39 north 32 23588 47175 471750
0369 1_81_5b46db40_6f01_4398_8166_bb1f34bfe720 50 south 31 17720 35439 354381
0370 3_48_0a07d550_fe90_4a61_9d41_d738199086f6_0 15 north 31 19326 38652 386520
0371 11_13_e98fe3b4_2e84_4edf_aecb_b3705b47068d 35 south 30 18831 37662 376616
0372 11_30_fc8ce026_0f80_4733_afac_b796b71d23a9_0 43 north 30 20349 40697 406964
0373 14_197_24453204_9ced_4aae_bee9_0a2009a50f3e_0 17 north 30 24966 49931 499303
0374 14_69_da134798_61df_4a6a_934d_3b0c08cea97b_0 21 south 30 21156 42312 423114
0375 17_2_0 44 north 30 21527 43053 430518
0376 17_50_90dd4ce9_6abe_458a_8168_007acd93cd48_3 9 north 30 29287 58574 585735
0377 1_89 22 south 30 17746 35492 354914
0378 25_102_0612589f_1410_46df_aa7c_93a5847f3d53_f04b772a_530d_4982_ad96_4d76c20df65a 37 north 30 49010 98019 980187
0379 25_102_7518de3a_25c4_4ca3_b736_5ed0e4c79e4e_cef43090_a8bb_4ac5_a2a3_3279fa5d4799 42 north 30 37902 75802 758017
0380 25_102_a8e17245_17bf_4dca_b6ba_73be4baa04c6_0_13def60d_387d_4710_b58b_76d4309916e5 32 north 30 39107 78213 782116
0381 25_102_a8e17245_17bf_4dca_b6ba_73be4baa04c6_0_62a88361_5fed_40f3_953c_ab88fc1e3d17 34 north 30 39107 78213 782116
0382 25_102_a8e17245_17bf_4dca_b6ba_73be4baa04c6_0_cbf7e15c_cced_4e87_a9dd_6efcb0af32be 34 north 30 39107 78213 782116
0383 25_102_aa5fd30e_9601_4eeb_abc2_70339496f513_310a12ec_daed_463c_8ac6_676524282f57 37 north 30 37922 75843 758424
0384 25_102_aa5fd30e_9601_4eeb_abc2_70339496f513_cf1014e6_b8fe_47bb_b213_a86998cab845_0 37 north 30 41076 82150 821493
0385 25_136 53 north 30 21591 43180 431793
0386 2_103 47 north 30 17958 35916 359153
0387 2_78_9befff3a_dc0b_4720_9958_987b0514e30c_0 21 south 30 17697 35394 353936
0388 3_64_6497e225_a2c4_4af6_9b80_70de27c40bb2 43 north 30 18825 37650 376495
0389 3_64_9342b68e_8dd7_493f_a118_43dce99557a5_0 45 north 30 19554 39106 391056
0390 3_64_caca16da_2676_4815_b339_45bc1b206b85_0 43 north 30 19570 39140 391389
0391 3_85_890b717a_85e6_4e2b_a19c_124a0dff5063 46 north 30 19346 38691 386910
0392 3_87_5645abe0_c591_4ace_8c59_39a2f2e42f5d_0 30 north 30 17846 35691 356910
0393 3_87_5b198ea0_f1ba_4499_bc5e_ef8c632cebbf 32 south 30 17655 35309 353082
0394 3_90 18 south 30 18014 36027 360268
0395 3_91_5223d599_d8b9_4555_a95b_1aa7ef1181a7 21 south 30 17862 35722 357212
0396 4_17_5a388d28_d250_4d19_af99_7c8ba6cdd341 40 north 30 21212 42423 424227
0397 4_17_ebbf64ae_bb09_4bc0_b1d0_29075b277022 41 north 30 19325 38649 386477
0398 4_27_774d4d4a_e109_43ad_ba0c_4f7c0ca39d54_0 28 north 30 19215 38428 384276
0399 4_30_16e96574_e091_499f_94ca_7ec8747c1e26 38 north 30 17991 35981 359803
0400 6_11_89c88345_9e49_460b_ae18_d7fec5cad053 54 south 30 19362 38723 387224
0401 6_38_0f834617_0cc0_4e10_8810_ae0200c30a62 33 south 30 19147 38294 382930
0402 6_38_54e5b1ce_244d_45c7_9142_bea0bd6b0697 34 south 30 19155 38310 383090
0403 6_78_1333d701_cf26_434b_8e78_fed7f969377c 43 north 30 20074 40148 401475
0404 6_78_329d564c_d249_46ca_8de5_2b4cdf340d99 42 north 30 20464 40927 409261
0405 6_78_b0096734_6757_4236_91a4_3f30d748c984 43 north 30 20040 40080 400788
0406 6_88_13b96a59_ed80_49a5_8859_3d74a18e293c 34 north 30 18033 36064 360632
0407 6_88_16d79910_d36e_4a01_a7f7_700a924b4893 37 south 30 17783 35565 355640
0408 7_36_373f50b4_21db_490a_8baf_b7f43899f248_0 11 north 30 22304 44607 446067
0409 7_68 41 north 30 19516 39032 390312
0410 7_88 36 north 30 23394 46787 467865
0411 7_94_3e5a1433_2418_4850_8798_313a1ff991f8 39 north 30 21247 42494 424935
0412 7_94_40aed352_c017_4157_9f3a_b1b4251c27b4 49 north 30 25454 50907 509061
0413 7_94_6c14f0b5_8acb_496d_879b_bdcf64b86ab9_0_c4dd50bc_ef94_469d_bca3_6e915b4b5e80 38 north 30 37014 74026 740251
0414 7_94_bb6f1329_2eb7_4c6a_90fd_1b3f1efb4cd7_0_a5d944ed_2a96_4bac_9d06_4a63af4161b8 41 north 30 37023 74044 740438
0415 7_94_bb6f1329_2eb7_4c6a_90fd_1b3f1efb4cd7_0_fe4e4c99_c83b_4aa8_b517_fd4e322217c0 42 north 30 37023 74044 740438
0416 8_14_0 36 north 30 17916 35831 358302
0417 14_129 9 north 29 26169 52338 523379
0418 25_44_c37f285f_ff46_454b_b708_79c39d4451a4_1 19 north 29 43577 87153 871521
0419 2_78_ea9a69f6_9e4e_48b1_a53a_03e804fbb4da_0 20 north 29 17825 35649 356481
0420 3_21 38 south 29 18794 37587 375868
0421 4_27_4b25109d_d4f2_485f_9895_988ebc2f8b11 39 north 29 18851 37701 377007
0422 8_48_a0607cad_cb26_4dd5_a142_d22afe9d3f27_0 10 north 29 19583 39165 391644
0423 8_74_ad11a41e_a724_4c62_9411_74c785fdddcd 36 north 29 19433 38865 388638
0424 11_10_cfa1a622_1abb_4a10_81f4_aee1af692849 19 south 28 18834 37667 376665
0425 11_13_a8efc345_2f7e_43ba_a42b_7b221c293adb 34 south 28 18291 36582 365813
0426 11_13_fec6fcb4_9df8_4ff0_aca6_3d0d0f95fe7c 33 south 28 18293 36585 365840
0427 11_30_e358017c_1020_4ce1_9d77_73e8aa4b15eb_0 46 north 28 21801 43600 435996
0428 11_32 37 north 28 17974 35948 359469
0429 14_197_23b28914_803f_4a5e_9fb7_45f5b45e3e70_0 14 north 28 23992 47983 479826
0430 14_197_88bb2b74_d815_48b2_a91d_19a6e6a25c4f_0 17 north 28 23115 46230 462291
0431 14_197_a86846c8_b344_456c_b9f4_d5ff3aa348e0_0 15 north 28 22240 44480 444791
0432 25_102_5429693e_ede8_42e5_9f6b_82257bf79512_0 46 north 28 35573 71145 711439
0433 25_44_78b69e3f_e8d2_4384_8daa_3a59fea7f71d_0 10 north 28 30981 61961 619601
0434 3_87_1f3063d3_231a_4278_9ae3_63d27c177781 36 south 28 17707 35414 354131
0435 3_87_b178847a_0ece_4838_a20b_72e8c9e254c2 32 south 28 17546 35091 350901
0436 3_91_a862429b_46c6_4e15_ba6b_50a59497b024 23 south 28 18564 37127 371261
0437 4_17_7d288d47_b527_4c30_b3fd_5fc7037ab569 42 north 28 21253 42506 425055
0438 6_59 40 north 28 23274 46548 465472
0439 7_11 52 south 28 22579 45158 451570
0440 7_94_3def60a9_7af4_4b58_8662_d95470db12ca 40 north 28 23569 47138 471374
0441 14_144 29 north 27 28573 57146 571451
0442 17_50_e8131374_dec7_4bed_8fd9_461a5f687f15_0 10 north 27 18247 36494 364932
0443 1_94 50 south 27 17768 35535 355341
0444 21_20_17242a54_aca1_4d9e_afd1_a71c4676bfb0 46 north 27 24606 49212 492112
0445 21_20_7832e89f_7de8_4276_ac3f_e9313737fe79 48 north 27 24735 49470 494694
0446 25_102_d018e04f_a790_4963_9cfc_3062fe4c8e18_4bfa715a_bb2b_433b_a939_31240a3324c8_0 34 north 27 48782 97563 975627
0447 25_102_f53da36b_91e2_4633_ac40_d50f4078aac0 33 north 27 32793 65586 655850
0448 2_66 48 north 27 18279 36557 365562
0449 3_64_30364865_9d9a_43b5_b097_44f8a761d968_0 43 north 27 18316 36632 366315
0450 4_6_56df8f25_cb7e_4dc2_82ad_e8f348a22ce8 50 south 27 21770 43539 435384
0451 4_6_c83db432_e7d1_45af_8f0c_932c9d895125 50 south 27 19814 39627 396269
0452 6_32 38 south 27 18299 36597 365962
0453 7_94_3da8b3f4_e2b7_44e8_90da_5c41ee534214 46 north 27 38730 77459 774581
0454 7_94_6c14f0b5_8acb_496d_879b_bdcf64b86ab9_0_196161a2_1cf7_4664_8b2f_97b309d1144d 39 north 27 37014 74026 740251
0455 7_94_6c14f0b5_8acb_496d_879b_bdcf64b86ab9_0_2d46d813_3aa0_4d5c_b92b_6cff76af60b1 38 north 27 37014 74026 740251
0456 7_94_6c14f0b5_8acb_496d_879b_bdcf64b86ab9_0_98774433_b797_4dc0_9df2_7b49f712333d 39 north 27 37014 74026 740251
0457 7_94_c3d9115d_78b5_4c18_bb7a_25462a7f8dcb 46 north 27 26031 52061 520603
0458 7_94_deb38112_ea01_4010_8461_0cd091e6b0e9_0 44 north 27 25388 50775 507749
0459 25_102_071b7fc2_3a23_4ed0_9a5d_054b3295a75f_24b79948_8a74_4506_aab6_8f9b19502131 49 north 26 61878 123756 1237549
0460 25_102_512c184c_8c8f_4913_8649_8960531e1747_0 33 north 26 35221 70442 704412
0461 4_27_2175e2b1_2be6_4789_be59_1029927945a2 37 north 26 21057 42112 421111
0462 4_27_4f6e9895_9a3b_402c_8e13_90a915f0bc1a 28 north 26 21761 43521 435204
0463 4_27_db234d2e_2c88_4163_9be5_89a1227279ed 33 north 26 23739 47476 474756
0464 11_10_1778f590_8568_4183_9675_96a934caaa3a 20 south 25 19551 39102 391008
0465 11_13_a3ff6961_2d71_4497_ac96_24d976ad93b6 35 south 25 18528 37055 370545
0466 14_17 19 south 25 18495 36988 369873
0467 17_43 43 north 25 22715 45429 454288
0468 1_100_40f3ef25_b78d_4cfc_8578_144d969d7d03 19 south 25 17747 35493 354922
0469 1_100_7aa1c774_3bbd_43a0_9211_5217140507ab_0 20 south 25 17757 35513 355119
0470 1_34 18 south 25 18001 36002 360011
0471 1_74_9435e317_8045_44ab_bba7_cb9ff452496f 54 south 25 17732 35463 354622
0472 1_87 47 north 25 17779 35557 355566
0473 25_102_0c8caf36_a43d_4943_af31_3b820a21fe00 37 north 25 32344 64687 646863
0474 25_127 54 north 25 25248 50496 504949
0475 25_43 54 north 25 18835 37669 376687
0476 2_67 15 north 25 18525 37050 370486
0477 3_48_1da2f997_73fb_4105_9203_9bf1a33ef4fe_0 14 north 25 18502 37004 370031
0478 3_63_0 12 north 25 18793 37586 375852
0479 3_85_7bd6cc07_e23b_4126_9110_7b09c9fda71f 47 north 25 18819 37638 376372
0480 3_85_9b1eb64e_9ceb_4450_81f3_8257d2794600 47 north 25 18371 36741 367402
0481 3_85_eb01788f_804e_4cb9_b8e6_ebc454fdc5ea 47 north 25 18870 37740 377388
0482 3_87_0f06099d_36e4_4927_8208_a5230aff3ffc_1 35 south 25 17758 35516 355149
0483 3_87_d4b92fed_2462_490b_84ff_920d12a6f000 28 north 25 18129 36257 362565
0484 3_98_b164d7d2_3815_44cd_9f71_708833d41c03 36 south 25 17956 35912 359109
0485 4_20_282276af_2678_454e_a3e7_01bc3f76ba88 11 north 25 19258 38515 385142
0486 5_58_0 39 north 25 20688 41375 413745
0487 6_56 29 north 25 21898 43795 437945
0488 6_72 43 north 25 19056 38112 381113
0489 7_94_15d7131d_f50c_4afb_b4a3_d891293af607 40 north 25 21288 42575 425743
0490 14_69_9429a4a7_f1e0_4f50_9ec8_6a6771bbe4c4 22 south 24 20025 40049 400479
0491 17_23_0 56 north 24 20797 41594 415929
0492 21_0 45 north 24 21799 43598 435970
0493 21_10_f067ba5e_6a0a_473b_86a1_abfc2091c465 47 north 24 30704 61407 614060
0494 21_20_363e9f81_db19_4923_9506_37b94e41b7ae 47 north 24 24397 48793 487923
0495 25_102_04f97274_b806_43ca_b694_4116c9f986cc_6 48 north 24 45322 90644 906430
0496 25_102_071b7fc2_3a23_4ed0_9a5d_054b3295a75f_32ff19df_6e3b_44ba_82bc_419252f8a444 51 north 24 61941 123882 1238819
0497 25_102_1a23c5b2_7ba1_444f_86ba_63d63dd8f376_b0eaf0a8_6867_40aa_b031_ccf48cc31519 40 north 24 42898 85795 857946
0498 25_102_1a23c5b2_7ba1_444f_86ba_63d63dd8f376_f24fd1f1_efa2_4aae_b88e_1df5b51c196e_0 38 north 24 42836 85671 856700
0499 25_102_1e28bc13_e3fe_4a62_8737_636e3312528e_16fe3cf1_67d1_4647_8783_8cf14a19ce34 40 north 24 61596 123190 1231892
0500 25_102_31e1170e_2d68_4c6a_99b5_1fe36850610e 32 north 24 33741 67482 674820
0501 25_102_53c5c657_0e1a_4257_bf63_da1f9646c214_43c02a80_1d5b_40bb_9af0_3227e5d26f09 46 north 24 62105 124209 1242077
0502 25_102_53c5c657_0e1a_4257_bf63_da1f9646c214_f1dea11e_100b_4e23_abc0_c8b008f654e7 47 north 24 61807 123613 1236125
0503 25_102_9b851f17_ce00_4cff_991a_b7cefa34c72d 53 north 24 26586 53170 531695
0504 25_102_ada76b9b_0625_410d_bde6_824263252ff5_3323a01c_78ed_4e3f_aac5_66646e346867 42 north 24 61678 123356 1233554
0505 25_102_ebf2b3ff_5133_41ab_8e43_74d6cc115a15_0 44 north 24 33210 66419 664185
0506 25_44_493af2f4_c652_40eb_9594_d793b0b4f68f 8 north 24 38829 77657 776562
0507 3_87_02c7c03a_d85a_4256_88c3_0544b42ec033 33 south 24 18053 36105 361038
0508 3_87_74f4f5f8_a00f_45fb_b064_4ce7eeac7de6_0 35 south 24 17688 35375 353745
0509 3_87_97358e35_dc17_4f5a_bb10_a8d71d833eaf_0 31 north 24 18003 36006 360060
0510 3_87_a6850476_b6be_4be8_aba3_54f2fb721b9d_0 30 north 24 18057 36114 361128
0511 3_87_da5d8496_7566_4425_81cb_ddaf5543bafa 35 north 24 18015 36030 360291
0512 3_87_fc1cd7e8_bf7d_448c_a923_b64eedafdc5e_0 34 south 24 17721 35440 354397
0513 3_91_1a690767_45a5_444e_a425_9d02fd53751e_0 22 south 24 19162 38323 383225
0514 3_91_64bb1625_e848_47ad_9823_75e7747b642e 22 south 24 18558 37115 371139
0515 4_27_337722d5_b9ba_4fef_bd0e_4da721f7e6f4 38 north 24 21018 42036 420352
0516 4_27_527b6ed3_ad1a_4a58_822c_ae400b47392d 35 north 24 21351 42702 427008
0517 4_27_59e4cfa9_b3d4_4153_a6ec_fde5675d42a5 34 north 24 20913 41826 418253
0518 4_6_aadaaece_c12c_4b15_a097_eeda8155cd0a 51 south 24 21749 43497 434958
0519 6_11_75d4a93b_7781_4b91_b4b4_8c43d9b8dd44 54 south 24 19507 39014 390129
0520 6_11_b9ff3285_bdcf_4007_8150_6f7799cab3dc 55 south 24 19172 38343 383418
0521 6_30 20 south 24 18804 37607 376061
0522 6_38_93edf099_d102_4b96_a26d_cb0beb9ac19f 34 south 24 19748 39495 394941
0523 7_94_2838ba10_71f4_4ab3_814f_55e7a8dd0751 49 north 24 28041 56080 560791
0524 7_94_5b31aaae_580d_41b4_b92d_923b04111484_0 45 north 24 23292 46584 465834
0525 7_94_a0a59490_7d0c_460d_9391_ea2ffe87744e 41 north 24 35400 70800 707986
0526 7_94_bb6f1329_2eb7_4c6a_90fd_1b3f1efb4cd7_0_e477fbdd_849f_4024_9bcc_f5ee9c9207f6 41 north 24 37023 74044 740438
0527 14_69_7a00df07_c935_4c17_b24b_82c04ec79e30 20 south 23 21783 43564 435632
0528 1_67 16 north 23 17919 35836 358357
0529 21_9_1e62cf18_5bbe_4443_9d4f_15d608dbdd77 54 north 23 54703 109405 1094046
0530 2_102_0 18 north 23 18026 36051 360509
0531 2_87_e308325d_09bf_42e7_a691_b105af6756d4 31 north 23 17700 35398 353971
0532 3_6 51 south 23 18433 36866 368649
0533 4_27_fc3a2fe2_ef60_4f84_a33e_dd6abc5ea106 35 north 23 20862 41723 417224
0534 4_27_fd7c2d90_04aa_4872_8b9d_58d2e249d5cd 38 north 23 21462 42924 429237
0535 6_88_c60b8ca4_a642_404e_8696_0ac9fb5f3292 38 north 23 17765 35529 355279
0536 21_10_1f80d21f_6658_4f1a_b3d2_f45f13123698 52 north 22 19266 38531 385305
0537 25_102_1e28bc13_e3fe_4a62_8737_636e3312528e_643babef_b5df_4deb_879b_261a9108281b 39 north 22 61819 123637 1236368
0538 25_102_ada76b9b_0625_410d_bde6_824263252ff5_7204027f_0765_4e2e_84e0_20fbb9fb459c 44 north 22 61746 123490 1234893
0539 2_77_0 16 north 22 18141 36282 362812
0540 3_64_27f276a3_3b0d_4b98_a558_eed496017387_0 44 north 22 18822 37643 376422
0541 3_85_487bb535_bc4f_4e50_ae5d_ac30d15b7146 48 north 22 18129 36258 362575
0542 6_13 17 south 22 17895 35790 357890
0543 14_197_6cbb27e9_3fa3_41bb_aa7e_1826729deacc 14 north 21 25530 51058 510573
0544 21_10_25d11c3d_fb35_4bbc_ac03_385483606d04 51 north 21 24508 49015 490145
0545 25_102_3ef908da_db97_489e_8dba_e770ab2d2494 31 north 21 32926 65852 658509
0546 25_102_e5726d05_b15d_4367_b9b8_2f1747d12cfc_0 57 north 21 46815 93628 936272
0547 2_41 38 south 21 18028 36056 360555
0548 2_78_4f1ba6da_4885_409a_a61c_a76a8e2da1bf_0 21 north 21 17709 35416 354155
0549 3_82 18 north 21 18092 36183 361830
0550 3_87_601cbb09_2b1d_40b6_9909_e533187b4e65 31 north 21 18255 36508 365074
0551 4_27_98619533_a11d_4613_bec4_acb10dbe0bbc_0 38 north 21 24696 49391 493905
0552 7_19 34 south 21 24448 48896 488953
0553 8_19 19 north 21 17886 35770 357697
0554 11_13_15ed5d03_34ac_4869_bf99_d83803696556 34 south 20 18277 36554 365535
0555 11_13_6ef374dd_6a52_46ce_b9b1_23da271b2528_0 36 south 20 18087 36174 361740
0556 11_13_6ef374dd_6a52_46ce_b9b1_23da271b2528_1 36 south 20 18069 36136 361354
0557 11_13_94e37704_4c59_4684_9029_e422cb61ceb0 35 south 20 18139 36277 362765
0558 11_30_4ea0ad51_e92c_47b4_8232_007268a07940 47 north 20 19780 39559 395584
0559 11_30_7d878ed1_6081_40ed_806d_1a10a8c438e6 48 north 20 18925 37850 378489
0560 11_6 38 south 20 18466 36931 369304
0561 14_174_5baf4b56_fae7_4e62_8d7e_7985f2c708ad 30 north 20 32284 64567 645663
0562 17_26_807131a4_7912_4765_9905_63c841360511 9 north 20 29491 58982 589809
0563 17_36 11 north 20 26874 53748 537474
0564 17_8_0 43 north 20 21568 43136 431354
0565 1_100_363466bd_706a_4974_8154_3afa0fdcd205 19 south 20 17956 35911 359102
0566 1_100_5e5037d7_0d5e_443a_ac0d_2fb176f70764 19 south 20 17819 35637 356357
0567 1_100_d6b9f2ef_a94e_4236_b875_8467363742a2 19 north 20 17756 35511 355102
0568 25_102_04f97274_b806_43ca_b694_4116c9f986cc_0 47 north 20 28785 57570 575686
0569 3_4 36 south 20 18638 37275 372750
0570 3_64_e64c89d6_b082_412f_ba00_8d9b84fd52a6 43 north 20 18939 37876 378756
0571 3_85_1c65d698_a574_4b3c_9376_0af6e4b4597d 46 north 20 18303 36606 366060
0572 3_87_0f06099d_36e4_4927_8208_a5230aff3ffc_0 35 south 20 17848 35695 356946
0573 3_87_78940596_8df9_4db7_b604_289700bc8e7d 36 north 20 18007 36013 360123
0574 3_87_79f551a7_52c9_4606_ad53_61c94e1bba1a 34 south 20 18039 36078 360780
0575 3_87_f093fc02_f35d_4325_a94e_2a44629bb317 32 south 20 17851 35702 357011
0576 4_17_eda462ed_c129_41cc_bce3_f79ee9680580 41 north 20 20465 40929 409283
0577 4_2 18 south 20 18102 36204 362034
0578 4_27_20250550_787c_4fe0_ae87_377a46a1a246 36 north 20 20104 40207 402062
0579 4_27_f661fdc5_a3d2_4a92_a140_676ee99e5069 28 north 20 18965 37929 379289
0580 4_37 17 south 20 17886 35771 357702
0581 5_29_0 45 north 20 26550 53100 531000
0582 6_11_1ab56652_9414_4c1c_a650_e286aea4a679 54 south 20 19344 38687 386860
0583 6_11_a3ad4b1e_72a4_4582_aaee_436c87030148 55 south 20 20439 40878 408771
0584 6_22 36 north 20 17760 35518 355174
0585 6_3 50 south 20 19785 39570 395699
0586 7_81_0 50 north 20 22063 44126 441251
0587 7_94_1c802546_b30b_4a28_abe9_311fd61d0603_0 38 north 20 26969 53937 539356
0588 14_69_8ae4980e_df64_4ca9_b278_55dd411a9f66_0 22 south 19 18909 37818 378174
0589 1_72 51 north 19 17891 35781 357798
0590 21_10_28e18a8e_f7ce_4261_bc46_b57aa7dc9796 50 north 19 27803 55605 556039
0591 3_85_a9d7121e_4c1e_42b0_bae3_d7ededa0849c_0 48 north 19 18495 36989 369879
0592 4_20_1933bfc1_7531_49a3_b386_ea2b146ee284 12 north 19 20045 40089 400879
0593 7_82 10 north 19 21737 43473 434730
0594 11_13_2f555127_6623_4517_aca8_1178d275a83d 36 south 18 18703 37405 374046
0595 14_7 55 south 18 24264 48528 485273
0596 17_37 42 north 18 24885 49769 497679
0597 21_9_753c90ee_59e9_4500_a197_64fd6432d213 53 north 18 34530 69060 690599
0598 2_56_0 14 north 18 18996 37992 379917
0599 3_64_035c52a4_0321_4572_8ebf_baae7a726de3_0 44 north 18 18320 36639 366384
0600 3_76_7ab1dd89_45c1_49b0_a590_0ac2c5ba23b6 20 north 18 17916 35831 358301
0601 3_85_75809054_f24d_42b1_a52c_db80b9878671 47 north 18 18117 36232 362315
0602 4_30_e8a6095c_cef8_4cec_a1f9_efcdd8f15786 38 north 18 17822 35643 356427
0603 4_5 19 south 18 18541 37081 370806
0604 4_6_c32a7d15_ceef_4727_bbcc_9be96b70f9ab 50 south 18 22469 44937 449359
0605 5_38 12 north 18 19844 39687 396861
0606 6_38_97a5626c_179e_43db_90d9_582a498c8d90 33 south 18 17898 35794 357932
0607 6_88_4d5d421f_60ad_455a_b700_7484fdf7e154 37 north 18 17869 35738 357369
0608 7_39 12 north 18 19844 39687 396861
0609 7_94_80ae9a0f_3c85_47d7_9f17_cbc51f4717c9 47 north 18 26196 52392 523911
0610 1_37 48 south 17 17863 35725 357248
0611 25_102_e2ae18fa_0345_4e21_b7c3_12d18eee49cf_0 35 north 17 30447 60894 608940
0612 2_64_0 50 north 17 18102 36204 362036
0613 11_15 43 north 16 18009 36018 360167
0614 1_81_23d4846f_42cc_4df7_a465_548d77bd6830 49 north 16 17720 35439 354381
0615 25_102_043344f1_e6f3_4f5e_b2f1_0d25c7205c0f 35 north 16 24355 48709 487083
0616 25_102_286f4de3_2b05_4375_80c5_5c947123e156 57 north 16 30393 60786 607851
0617 25_102_29d57b3d_5db2_4965_ad5d_08d5381359a7 34 north 16 24018 48036 480360
0618 25_112 43 north 16 23250 46500 464997
0619 2_20 18 north 16 17784 35568 355671
0620 2_87_0945e903_81cc_4f48_bbdb_090fb9eb9469 33 south 16 17762 35523 355224
0621 3_118 22 south 16 17803 35605 356046
0622 3_19 34 south 16 18430 36860 368592
0623 3_87_5d05cacd_6bfd_4953_94a1_559dba5aea71_0 36 north 16 17805 35609 356079
0624 3_87_fc411a83_9f8a_486c_84a4_85f4c9268240_0 37 north 16 17823 35646 356460
0625 4_17_6ef2aec6_f7d9_4aa2_b211_3dda2d740522 42 north 16 19415 38829 388290
0626 4_27_90061414_626d_42a5_acc2_819cd7fd5d02 39 north 16 20634 41266 412651
0627 4_8 35 south 16 19075 38149 381487
0628 5_48 36 north 16 20701 41402 414012
0629 6_11_02fca8bc_c29d_4828_88df_8218d1d98a37 55 south 16 19434 38867 388660
0630 6_11_56fd27c6_4971_41c7_be3a_20b90a736e89 54 south 16 18975 37950 379496
0631 7_36_0d5721b0_d4dc_4b55_9816_58ef6ee3e17c 12 north 16 24237 48474 484728
0632 7_36_106f2034_5d68_44dc_aeff_48ec03192d16 11 north 16 20852 41703 417019
0633 7_54_0 10 north 16 24609 49218 492177
0634 7_94_e84cd8ac_7660_4288_8ea9_f4521d9b3a88_0 38 north 16 26382 52762 527615
