0001 11_0 55 south 1 25529 51057 510563
0002 11_4 35 south 1 27969 55938 559372
0003 14_118 29 north 1 30084 60167 601662
0004 14_12 60 south 1 28443 56886 568859
0005 14_123 32 north 1 37351 74701 747010
0006 14_124 32 north 1 48481 96962 969620
0007 14_131 9 north 1 50802 101604 1016036
0008 14_132 9 north 1 33642 67283 672821
0009 14_133 9 north 1 33484 66968 669680
0010 14_134 9 north 1 33203 66405 664050
0011 14_135 9 north 1 33478 66956 669551
0012 14_136 9 north 1 33769 67538 675375
0013 14_137 10 north 1 33523 67045 670443
0014 14_139 9 north 1 34490 68979 689790
0015 14_140 10 north 1 33486 66972 669720
0016 14_142 9 north 1 44931 89862 898612
0017 14_143 10 north 1 43337 86674 866738
0018 14_145 29 north 1 46324 92647 926468
0019 14_146 29 north 1 60732 121463 1214630
0020 14_15 55 south 1 24329 48657 486565
0021 14_150 30 north 1 36395 72789 727888
0022 14_151 30 north 1 55038 110076 1100755
0023 14_153 30 north 1 36486 72972 729717
0024 14_154 30 north 1 34658 69315 693146
0025 14_161 33 north 1 39455 78910 789100
0026 14_166 8 north 1 36639 73278 732772
0027 14_168 8 north 1 36639 73277 732766
0028 14_169 8 north 1 36463 72926 729251
0029 14_171 8 north 1 54642 109284 1092839
0030 14_176 30 north 1 32415 64830 648298
0031 14_177 31 north 1 33871 67742 677415
0032 14_178 31 north 1 34030 68060 680591
0033 14_179 32 north 1 27218 54435 544345
0034 14_181 31 north 1 33911 67821 678206
0035 14_182 32 north 1 48703 97406 974054
0036 14_192 52 north 1 28067 56133 561327
0037 14_193 54 north 1 25618 51235 512348
0038 14_196 52 north 1 28120 56240 562399
0039 14_29 18 south 1 31670 63339 633383
0040 14_30 18 south 1 31261 62521 625202
0041 14_36 18 south 1 32452 64903 649023
0042 14_38 18 south 1 32993 65985 659850
0043 14_39 19 south 1 57870 115740 1157393
0044 14_44 18 south 1 32643 65286 652852
0045 14_45 18 south 1 39340 78679 786782
0046 14_46 18 south 1 30209 60418 604172
0047 14_48 18 south 1 31326 62652 626519
0048 14_49 18 south 1 47111 94221 942208
0049 14_52 18 south 1 31305 62610 626099
0050 14_53 18 south 1 46871 93741 937407
0051 14_54 18 south 1 33669 67338 673371
0052 14_55 18 south 1 46480 92960 929595
0053 14_57 18 south 1 33900 67799 677989
0054 14_60 18 south 1 40826 81652 816511
0055 14_62 55 south 1 26009 52018 520176
0056 14_70 20 south 1 29388 58775 587748
0057 14_71 22 south 1 26035 52069 520685
0058 14_72 21 south 1 24441 48881 488802
0059 14_78 14 north 1 24741 49481 494809
0060 14_8 55 south 1 30117 60233 602330
0061 14_82 52 north 1 29811 59622 596212
0062 14_90 51 north 1 28348 56696 566951
0063 14_91 51 north 1 26890 53780 537799
0064 17_11 12 north 1 29030 58059 580588
0065 17_24 57 north 1 36327 72654 726537
0066 17_3 44 north 1 27930 55860 558598
0067 1_103 52 south 1 23693 47385 473844
0068 1_105 52 south 1 23649 47298 472977
0069 1_113 48 south 1 23813 47625 476243
0070 1_115 48 south 1 23690 47380 473800
0071 1_116 48 north 1 23672 47344 473435
0072 1_117 48 south 1 23734 47468 474672
0073 1_12 2 south 1 24689 49377 493761
0074 1_13 38 south 1 23896 47792 477917
0075 1_35 56 south 1 24056 48112 481116
0076 1_51 21 north 1 23846 47691 476903
0077 1_52 20 north 1 23941 47882 478817
0078 1_65 18 north 1 25316 50632 506312
0079 1_68 17 north 1 24004 48007 480061
0080 1_75 55 south 1 23883 47766 477654
0081 1_80 18 north 1 23859 47717 477162
0082 1_83 49 north 1 23623 47246 472457
0083 1_86 49 north 1 23724 47448 474475
0084 25_100 20 north 1 44851 89701 897010
0085 25_118 32 north 1 43597 87194 871934
0086 25_132 12 north 1 29986 59971 599701
0087 25_24 33 north 1 28836 57672 576713
0088 25_30 6 north 1 63935 127870 1278697
0089 25_37 21 north 1 33109 66217 662170
0090 25_38 21 north 1 43449 86898 868979
0091 25_40 21 north 1 32648 65295 652944
0092 25_41 21 north 1 32407 64814 648136
0093 25_46 20 north 1 31236 62472 624711
0094 25_50 4 north 1 61164 122328 1223278
0095 25_62 12 north 1 31791 63582 635819
0096 25_65 8 north 1 36542 73084 730839
0097 25_66 18 north 1 29795 59590 595895
0098 25_67 19 north 1 40928 81855 818543
0099 25_71 20 north 1 34637 69273 692729
0100 25_72 20 north 1 35482 70964 709635
0101 25_79 9 north 1 49655 99309 993082
0102 25_80 13 north 1 29619 59238 592378
0103 25_81 9 north 1 48569 97137 971366
0104 25_84 9 north 1 34868 69735 697350
0105 25_86 19 north 1 55532 111064 1110635
0106 25_87 20 north 1 31309 62617 626169
0107 25_88 15 north 1 36943 73886 738859
0108 25_89 19 north 1 56695 113390 1133892
0109 25_90 9 north 1 48972 97943 979425
0110 25_96 21 north 1 34805 69609 696085
0111 25_99 18 north 1 29887 59774 597734
0112 2_13 36 north 1 23647 47293 472924
0113 2_21 32 north 1 23752 47504 475039
0114 2_3 6 south 1 24795 49589 495881
0115 2_31 49 south 1 23890 47779 477790
0116 2_54 43 north 1 24508 49016 490157
0117 2_58 46 north 1 26120 52239 522381
0118 2_59 46 north 1 25040 50079 500785
0119 2_80 28 north 1 23875 47750 477494
0120 2_85 47 north 1 24666 49332 493317
0121 3_1 58 south 1 24540 49080 490796
0122 3_10 52 south 1 24494 48987 489863
0123 3_100 36 south 1 25088 50176 501753
0124 3_108 51 south 1 24010 48019 480188
0125 3_11 52 south 1 24462 48923 489226
0126 3_120 22 south 1 23804 47608 476080
0127 3_16 53 south 1 23857 47713 477128
0128 3_18 54 south 1 25101 50201 502008
0129 3_42 51 north 1 24245 48490 484896
0130 3_45 5 north 1 25073 50145 501444
0131 3_56 43 north 1 25517 51034 510339
0132 3_60 42 north 1 25721 51441 514403
0133 3_66 46 north 1 25726 51452 514512
0134 3_67 46 north 1 25669 51338 513377
0135 3_68 43 north 1 24921 49841 498407
0136 3_69 43 north 1 25585 51169 511683
0137 3_7 51 south 1 24590 49179 491785
0138 3_70 45 north 1 25448 50895 508946
0139 3_71 46 north 1 25600 51199 511984
0140 3_86 46 north 1 24682 49363 493626
0141 3_94 24 south 1 23810 47619 476185
0142 3_96 23 south 1 23737 47473 474723
0143 4_12 34 south 1 25354 50707 507061
0144 4_18 42 north 1 26032 52063 520622
0145 4_19 42 north 1 25775 51550 515494
0146 4_23 12 north 1 24718 49436 494356
0147 4_34 15 south 1 23685 47370 473698
0148 4_6_8de8c00c_31f2_4b63_b77e_edfcf941b626 50 south 1 26094 52187 521869
0149 4_7 54 south 1 27356 54712 547116
0150 5_9 34 south 1 29399 58797 587968
0151 6_1 49 south 1 26359 52718 527180
0152 6_38_1dc122ad_b67e_4478_bdce_f9c7449c5473 35 south 1 24306 48611 486103
0153 6_60 40 north 1 27594 55188 551875
0154 6_7 54 south 1 26442 52883 528822
0155 6_79 43 north 1 24816 49632 496313
0156 6_8 49 south 1 26218 52436 524359
0157 6_80 43 north 1 25517 51034 510339
0158 6_86 14 north 1 25453 50906 509057
0159 6_88_0db49c89_56dc_46ae_800a_a9974d26b05b 38 north 1 23615 47229 472290
0160 6_91 43 north 1 24429 48858 488579
0161 7_35 32 north 1 28414 56828 568277
0162 7_36_b80a024b_4f67_4bdd_b612_dafa46455008 13 north 1 31016 62032 620315
0163 7_38 13 north 1 29681 59361 593603
0164 7_4 19 south 1 30882 61764 617633
0165 7_46 12 north 1 29986 59971 599701
0166 7_49 12 north 1 25067 50134 501340
0167 7_53 12 north 1 34246 68492 684916
0168 7_7 54 south 1 27541 55081 550808
0169 8_27 42 north 1 29087 58174 581739
0170 8_36 34 north 1 29222 58443 584428
0171 8_49 10 north 1 26711 53421 534204
0172 8_51 10 north 1 40370 80740 807394
0173 8_53 10 north 1 32338 64676 646755
0174 8_54 10 north 1 32472 64944 649435
