0001 1_81 49 south 110 23626 47251 472508
0002 14_190 32 north 108 42485 84970 849700
0003 8_46 31 north 108 36289 72578 725771
0004 14_24 18 south 107 25289 50577 505769
0005 11_23 12 north 105 25508 51016 510159
0006 1_110 33 south 105 23011 46021 460205
0007 7_3 18 south 101 26992 53983 539825
0008 25_102_a8e17245_17bf_4dca_b6ba_73be4baa04c6 32 north 100 52142 104283 1042821
0009 25_102_8e856e53_1f6e_43ad_9eb7_7f69b186655b 52 north 99 38463 76925 769241
0010 5_47_a7d99a69_2911_4378_9505_76ee3c35406a 39 north 99 40781 81561 815610
0011 7_21 19 south 99 27626 55251 552501
0012 1_111 46 south 98 23263 46525 465241
0013 8_74_bd8145c3_9eed_47ee_bfac_fc286c2d8d22 35 north 98 35797 71593 715923
0014 7_94_bb6f1329_2eb7_4c6a_90fd_1b3f1efb4cd7 41 north 95 49363 98725 987250
0015 5_14 33 south 94 27024 54047 540467
0016 21_10_0bfc7663_d83b_4e05_8f9a_48ca6592bc56 50 north 91 51683 103366 1033655
0017 21_10_863ca5cc_acb2_47bc_bb24_4e1a752f9615 50 north 91 43836 87672 876713
0018 21_10_8adb9110_cec5_4681_9d8d_18870dde286d 48 north 91 52445 104890 1048895
0019 21_10_ec7164ec_3c42_4f75_9dbe_dc478ce15f7b 52 north 90 43830 87660 876599
0020 21_20_5b881503_8d66_4201_9e6c_06cd9ed98c15 44 north 90 31099 62197 621963
0021 5_47_15a89eb7_5ad2_4a12_a8e0_7c29381c4514 41 north 90 41053 82105 821045
0022 7_94_4963f1d7_95d1_47e3_9589_b9589ac595e2 41 north 90 41182 82363 823624
0023 7_94_6c14f0b5_8acb_496d_879b_bdcf64b86ab9 38 north 90 49351 98701 987001
0024 17_41 36 north 85 36881 73762 737611
0025 21_10_261133be_d4e9_4ffc_b672_26e05b42271b 50 north 84 38123 76246 762455
0026 7_34 29 north 84 32917 65834 658331
0027 4_27_426820ce_a4eb_4347_8aad_9b7fad12f525 37 north 82 26096 52192 521915
0028 14_185 36 north 80 38606 77212 772115
0029 1_100_b06798c7_bb21_412d_b889_a7169292529b 17 south 80 23287 46574 465738
0030 2_78_233c65c7_982a_47e5_9802_035d8a3e7a8d 19 south 80 23822 47644 476434
0031 4_27_c566a273_b019_4224_a4e0_2ff620e9f0f4 34 north 80 25680 51359 513589
0032 5_47_845e16c1_7ce5_4341_9770_375539269e95 39 north 80 35493 70986 709860
0033 5_60_ae72847c_454b_4e96_aa17_eb0f9415f27a 46 north 80 35719 71438 714379
0034 6_82 12 north 80 25125 50249 502486
0035 6_88_f2684aa6_ffb2_49f2_b064_c08e5ba2c9d3 33 north 80 24114 48227 482268
0036 21_10_503f62a7_9c1b_447b_a848_e6b1f87d0db4 48 north 78 45792 91583 915823
0037 25_44_6a5e1c0a_df78_413e_97dd_e6e99f2379e2 10 north 78 55370 110739 1107388
0038 11_11 22 south 77 25684 51367 513663
0039 6_84 13 north 77 24842 49684 496833
0040 7_6 53 south 76 30358 60715 607149
0041 25_44_2c933eb6_cdaf_4ac4_a17d_e348137e755c 17 north 75 45106 90212 902119
0042 3_87_ff109498_0e4f_433d_a761_3aa17ad47363 32 north 75 23381 46762 467619
0043 25_44_334819e0_3e28_4309_8ce7_ca1664ef74f6 14 north 74 44767 89533 895324
0044 8_8 18 south 74 24891 49782 497815
0045 14_174_ddc1c40e_c8f1_4732_811b_2c6e1212e9cd 31 north 72 33670 67340 673393
0046 14_69_f7fcb121_dbba_4fb7_9c84_520ddd0dee22 20 south 72 25396 50791 507902
0047 2_87_5ffc9cb7_6586_4532_adf1_e57c4fdac789 33 south 72 23087 46173 461730
0048 6_88_a4a339a7_7650_48f8_a906_7dc711b1791b 36 north 72 24550 49099 490987
0049 7_94_94acb185_ed3a_4702_8153_06ff38064b55 48 north 72 35043 70086 700854
0050 14_89_737fde19_9e52_42a7_b35b_0a89ee0eef0e 48 north 70 28773 57546 575460
0051 14_89_be4ea3f2_e7cb_46ed_8901_95f140c71dad 48 north 70 26721 53442 534411
0052 21_20_1ebf9390_8f5d_4ee0_b642_1e78c628f717 46 north 70 28856 57712 577118
0053 4_27_2907ce11_0d70_4c9f_b40e_2eaa2542fb41 34 north 70 24516 49031 490301
0054 4_27_dd73a0d6_cf49_4113_aa0a_947346eaa760 39 north 70 26160 52319 523188
0055 6_26 23 south 70 23781 47561 475602
0056 14_148 29 north 69 33609 67217 672161
0057 14_174_bf239cc9_46c4_4834_bc72_8c6b1ee71eda 31 north 69 37409 74817 748169
0058 1_78 18 north 69 23817 47633 476325
0059 14_191 52 north 68 30281 60562 605615
0060 4_27_c92511ea_b42f_4dba_a3b1_fc62dd56883b 36 north 68 25676 51352 513517
0061 3_9 52 south 67 24524 49048 490471
0062 3_98_02fd5d7c_e082_4131_b146_d9c74ea63c26 36 south 67 24349 48698 486973
0063 14_174_fc9c6183_2a27_4d3a_87fc_84e6f580ed4f 29 north 66 33158 66315 663147
0064 14_89_fc94c899_c2bc_4fd0_9c01_9530438cb2a2 49 north 66 28479 56957 569563
0065 2_82 46 north 66 23838 47676 476754
0066 6_88_d93f5e75_e357_41c2_b074_49187bcdd570 28 north 66 24616 49231 492309
0067 25_44_d795e099_c551_422a_a12d_37e86b3837a4 17 north 65 58099 116198 1161975
0068 6_69 37 north 65 33405 66810 668096
0069 8_71 29 north 65 28894 57787 577861
0070 21_10_edac00be_8b17_41b7_816c_318d54fe4f1e 52 north 64 38156 76312 763119
0071 4_14_58fbf3db_6a2a_480a_afa0_f9657fb3cbd2 33 south 64 25560 51120 511193
0072 5_37 10 north 64 29595 59189 591886
0073 8_74_8dd9f6f1_6168_49b3_b023_150460955c39 37 north 64 36589 73177 731762
0074 2_78_5a9ca181_3d38_45de_935a_834c86cfe170 17 south 63 23583 47166 471660
0075 3_91_3e83d10c_e969_4aff_bdc3_40925ed55d3b 21 south 63 25768 51535 515350
0076 3_91_a986c79a_f625_4c0b_9b8d_798f6d18577c 22 south 63 24013 48025 480245
0077 3_76_ba44df5e_01f1_4ba4_b5a2_7a19444d4869 19 north 62 23947 47893 478928
0078 4_30_aafc4efb_d1d1_4b0a_90fd_c6a3eb8b9c06 37 south 62 23696 47391 473910
0079 25_44_819409ac_564c_4f60_bd01_b25757d7e950 19 north 61 58104 116207 1162070
0080 3_91_4e179b12_1bb6_4dcb_9a22_c01e7a449684 22 south 61 23604 47208 472079
0081 4_30_6ed31c0c_e9d5_4f30_b779_c5617a0ae987 37 north 61 23967 47934 479336
