0001 1_110_0 33 south 105 23011 46021 460205
0002 1_111 46 south 98 23263 46525 465241
0003 5_47_a7d99a69_2911_4378_9505_76ee3c35406a_0 39 north 95 40180 80360 803593
0004 21_10_0bfc7663_d83b_4e05_8f9a_48ca6592bc56 50 north 91 51683 103366 1033655
0005 21_10_863ca5cc_acb2_47bc_bb24_4e1a752f9615 50 north 91 43836 87672 876713
0006 21_10_8adb9110_cec5_4681_9d8d_18870dde286d 48 north 91 52445 104890 1048895
0007 4_27_426820ce_a4eb_4347_8aad_9b7fad12f525 37 north 82 26096 52192 521915
0008 4_27_c566a273_b019_4224_a4e0_2ff620e9f0f4 34 north 80 25680 51359 513589
0009 25_44_2c933eb6_cdaf_4ac4_a17d_e348137e755c_2 17 north 75 45106 90212 902119
0010 4_27_dd73a0d6_cf49_4113_aa0a_947346eaa760 39 north 70 26160 52319 523188
0011 25_44_a567493c_b18d_49e5_8b75_c4a112618ec3 17 north 60 51393 102785 1027846
0012 25_44_ad440df4_4231_4bbf_b75e_94bfbc99a123_0 14 north 60 51059 102117 1021169
