0001 11_10_6ce9c345_733d_482e_bfb1_295e01aee87c 20 south 15 18158 36315 363139
0002 11_10_83f566d8_e68e_4ddb_864b_ee4796c8d874 20 south 15 18303 36606 366060
0003 11_13_ae54e186_eecd_44bd_a742_0e0b03db4fb4_1 35 south 15 18592 37184 371834
0004 11_25_0 49 north 15 19949 39897 398956
0005 14_104 38 north 15 26085 52170 521697
0006 14_18 18 south 15 18294 36586 365857
0007 14_184 33 north 15 25790 51579 515778
0008 1_100_d908889e_0917_4b8c_9088_d8cf1f35fc08_0 20 south 15 17796 35591 355902
0009 1_54_0 15 north 15 18672 37344 373429
0010 21_8 45 north 15 32094 64188 641875
0011 25_102_1a23c5b2_7ba1_444f_86ba_63d63dd8f376_0ca78323_acc6_4366_a1bc_eeb850696686 39 north 15 36091 72181 721801
0012 25_124_0 43 north 15 26637 53272 532711
0013 25_138_3 47 north 15 30759 61516 615155
0014 2_12_0 36 south 15 17701 35402 354014
0015 2_78_fe8879ad_4c13_4ecf_8485_b39902a9fe56_0 22 south 15 17718 35435 354341
0016 3_64_7aace021_f86e_4f97_88ab_e6a633c347fb_0 44 north 15 19827 39654 396533
0017 3_64_b970851c_3f45_45ff_84f3_590e25f81f1b 43 north 15 18369 36737 367361
0018 3_85_59df0f02_e42a_4edb_ab90_24e379afec10 47 north 15 20242 40483 404822
0019 3_91_b1b11040_69bf_4bdd_9a2d_d03ebd8d8587 20 south 15 18012 36022 360217
0020 5_47_11ad9d37_c990_4acd_b755_6fdd50abccb6 41 north 15 19473 38946 389454
0021 6_23 17 south 15 17876 35751 357496
0022 6_37 36 south 15 18925 37849 378488
0023 7_36_552d6d2f_6eb9_444e_8b19_9f6c1a10c0f9 13 north 15 19176 38352 383511
0024 7_64 37 north 15 19434 38868 388676
0025 7_79 12 north 15 32598 65194 651934
0026 8_48_0ff8f623_07bb_4649_ae7a_3016549f3783 10 north 15 24030 48060 480588
0027 17_26_9fb3f4a6_3a07_4194_9cdc_37113336b544_3 8 north 14 59505 119010 1190097
0028 25_102_1a23c5b2_7ba1_444f_86ba_63d63dd8f376_f6860f78_0c98_4d7e_acb0_a58b9c2311bc 40 north 14 40331 80661 806597
0029 2_42 54 south 14 18036 36072 360712
0030 3_54 18 north 14 19296 38591 385905
0031 5_1_253e29bb_7cf1_46a3_88ed_1d39d1ab75bd 19 south 14 24036 48070 480692
0032 7_94_0fd192dc_9710_4963_87c2_2339858c99a5 49 north 14 38700 77399 773982
0033 14_21 17 south 13 17758 35516 355153
0034 1_21_0 24 south 13 17913 35826 358255
0035 1_24 55 south 13 17763 35526 355247
0036 3_64_136cc7c4_eacc_4876_8faf_6fe8819176f1 44 north 13 17952 35903 359022
0037 7_94_47cc0ea1_aacf_4cd7_9ba0_69279cc70c40 39 north 13 25000 50000 499990
0038 11_13_1677fe39_95a5_4ab5_8d1f_9bf019f69eb5_0 36 south 12 18011 36021 360202
0039 11_8_0 36 south 12 17745 35490 354887
0040 14_186 35 north 12 22809 45617 456164
0041 14_67 35 south 12 18789 37578 375776
0042 14_88 47 north 12 19273 38546 385453
0043 14_96 43 north 12 22665 45328 453272
0044 17_26_e5256063_e36d_47aa_8cc6_6e89798661bc_0 7 north 12 48408 96814 968134
0045 1_100_28fc30dc_5b6e_4790_bbbd_99863d6ca107 20 north 12 17808 35615 356145
0046 1_69 51 north 12 18463 36925 369246
0047 1_70_0 51 north 12 18081 36161 361603
0048 21_6_0 15 north 12 36241 72482 724812
0049 25_102_1a23c5b2_7ba1_444f_86ba_63d63dd8f376_69881424_343c_4982_8e73_2e9b720a2ebc 38 north 12 34680 69358 693571
0050 25_108 11 north 12 21583 43165 431646
0051 25_123 30 north 12 24894 49788 497868
0052 25_128 45 north 12 30038 60075 600747
0053 25_44_ca561f9d_4419_455d_85f3_2da24f48e757 19 north 12 37337 74673 746716
0054 2_1 38 south 12 18014 36027 360258
0055 2_78_9800ad25_e4b4_4c85_8213_0d188f65ae09 19 north 12 17699 35397 353958
0056 2_78_ea9a69f6_9e4e_48b1_a53a_03e804fbb4da_1 21 north 12 17814 35628 356280
0057 2_87_2bf404ca_47e2_4bef_9a28_d5e532d872f5 32 north 12 17831 35661 356608
0058 3_115 49 south 12 17932 35863 358623
0059 3_64_20975854_619a_4ed7_8a0f_705c9ad87cda_0 43 north 12 18174 36347 363465
0060 4_10 36 south 12 18714 37426 374256
0061 4_13 52 south 12 18546 37092 370908
0062 5_17 46 north 12 20687 41373 413728
0063 5_44 12 north 12 21327 42654 426530
0064 5_54 33 north 12 21197 42393 423924
0065 5_56 13 north 12 21759 43518 435177
0066 6_38_706a595d_3a3a_4c54_9edc_238cd2ddd958 34 south 12 19221 38441 384401
0067 6_38_768106dc_4b37_49a5_a9af_0c0fd0d5d72c 36 south 12 20016 40031 400299
0068 6_40 23 south 12 18460 36920 369192
0069 6_5 34 south 12 21921 43842 438408
0070 6_77 13 north 12 19686 39372 393718
0071 6_88_17c7f139_d1f7_4f7d_8131_43f679e8f995 36 north 12 18123 36246 362448
0072 6_88_41246399_f35c_4c45_8c2f_55d70f928bff 30 north 12 18360 36720 367191
0073 7_24 33 south 12 20939 41877 418767
0074 7_36_15db08d6_bbdb_4d5f_9a82_7f64ae1abadb 13 north 12 19834 39668 396672
0075 7_36_49e52633_d2c5_4a10_ad20_dede9fe7f1c1 11 north 12 23518 47035 470346
0076 7_37 12 north 12 21327 42654 426530
0077 7_41 12 north 12 22367 44733 447325
0078 7_94_0d95852b_822c_4743_800c_5e961b27e5dc_0 45 north 12 23136 46271 462705
0079 7_94_919e3a42_7bfe_4deb_a3f5_85e3d0ecbb53 47 north 12 22592 45183 451820
0080 7_94_a80890ac_f7f4_4678_92d5_120a90cb3ab9 48 north 12 26171 52341 523404
0081 7_94_bb6f1329_2eb7_4c6a_90fd_1b3f1efb4cd7_0_d22f1d4e_cb4b_4611_abc3_19e259fed790 43 north 12 37023 74044 740438
0082 7_94_c65a19ba_1ff6_46ee_ba2f_e134e24fdfdf 41 north 12 23749 47498 474972
0083 8_16 42 north 12 19605 39209 392084
0084 8_25 17 south 12 17796 35590 355895
0085 8_43 36 north 12 27786 55570 555694
0086 8_48_3ec208e0_281b_4b47_a676_04c0279f2732 10 north 12 20184 40368 403669
0087 14_119 32 north 11 46825 93650 936491
0088 14_14 38 south 11 18206 36411 364099
0089 14_172 8 north 11 28697 57393 573919
0090 14_197_9bba0977_8479_443c_8aee_bde0d21f2228_0 14 north 11 19656 39312 393115
0091 14_77 14 north 11 18393 36786 367857
0092 1_4 58 south 11 19248 38495 384939
0093 2_30 49 south 11 17938 35875 358743
0094 3_103 51 south 11 18051 36102 361015
0095 3_48_6ba598f2_1a29_4987_93af_efae1c665331 14 north 11 19176 38352 383506
0096 3_64_e3d88418_d39a_49b4_ae4e_1fc1681e9dcf 43 north 11 18377 36753 367518
0097 3_77_2 44 north 11 17923 35845 358447
0098 6_41 14 north 11 18701 37401 374001
0099 8_2_0 54 south 11 21123 42246 422448
0100 8_3 53 south 11 20315 40629 406283
0101 8_75 33 north 11 25101 50200 501998
0102 1_11 39 south 10 18071 36141 361398
0103 1_118 51 north 10 17673 35346 353451
0104 21_10_470542e8_3fb3_4ae0_a1bb_eca028bd735d 47 north 10 34488 68974 689738
0105 25_102_65683978_0097_44b5_97ce_5877ae668bde 56 north 10 54235 108470 1084694
0106 5_30 42 north 10 27596 55191 551898
0107 6_35 20 south 10 18165 36329 363281
0108 6_57 34 north 10 22530 45058 450573
0109 11_1 55 south 9 19097 38193 381924
0110 11_12_57e9630c_540c_424a_a7f3_57d00f405fd1 19 south 9 18367 36733 367324
0111 11_17 15 north 9 18271 36541 365404
0112 11_29 12 north 9 19830 39659 396581
0113 14_23 17 south 9 17733 35466 354657
0114 14_75 19 north 9 17970 35940 359386
0115 14_87 51 north 9 18603 37205 372043
0116 1_18 19 south 9 18246 36492 364917
0117 21_14 49 north 9 23166 46330 463298
0118 21_19 43 north 9 21444 42887 428861
0119 21_7 47 north 9 27480 54960 549591
0120 25_102_1a23c5b2_7ba1_444f_86ba_63d63dd8f376_088e79fe_bcfe_48e3_b9ef_96ed72c1d93d 42 north 9 24699 49398 493978
0121 25_102_27fed9e4_cdab_4f90_99b2_cfda162ec18c 33 north 9 47675 95349 953479
0122 25_120 20 north 9 31961 63921 639204
0123 25_131 53 north 9 24875 49749 497476
0124 25_21_0 5 north 9 35722 71443 714422
0125 25_23_0 32 north 9 31086 62172 621716
0126 25_3 50 north 9 21582 43162 431611
0127 25_44_1ec30c39_3c40_4e50_ac61_9f8a821769bd 7 north 9 44665 89329 893284
0128 25_44_2aec770e_d59c_43bb_b1a6_6bb27f90f398_9ea6a69d_685b_4565_9c90_706355628805_0 13 north 9 45862 91724 917235
0129 2_19 18 north 9 17804 35607 356066
0130 2_51 14 north 9 19483 38965 389643
0131 2_53 45 north 9 18845 37689 376881
0132 2_7 55 south 9 17885 35769 357681
0133 2_96 18 north 9 17940 35880 358788
0134 3_62_0 14 north 9 19161 38320 383197
0135 3_74 17 north 9 17961 35920 359196
0136 3_75 17 north 9 17915 35829 358278
0137 3_87_b89ba06e_6eab_440a_a9d3_33b67ec010c1_0 32 north 9 17847 35692 356911
0138 4_11 34 south 9 18981 37962 379607
0139 4_38 37 south 9 17819 35637 356367
0140 4_4 36 south 9 17930 35859 358579
0141 5_19 45 north 9 20370 40740 407387
0142 5_21 13 north 9 18901 37801 378007
0143 5_40 11 north 9 22429 44858 448572
0144 5_43 10 north 9 24639 49276 492756
0145 5_59 37 north 9 19945 39889 398881
0146 6_21 18 south 9 17785 35569 355682
0147 6_38_0015ce2d_f61c_423f_b85c_eba18299daef 33 south 9 19676 39351 393510
0148 6_63 11 north 9 21138 42275 422740
0149 7_69 36 north 9 21049 42098 420969
0150 7_89_0 38 north 9 22885 45769 457686
0151 7_93_0 30 north 9 20806 41612 416109
0152 7_94_a246bfd1_6246_4d86_85b8_95e60b75e492 48 north 9 27868 55736 557349
0153 7_94_f347f193_0f9f_452c_b3db_d5d1f356faba_0 49 north 9 19197 38393 383919
0154 8_26 42 north 9 21768 43535 435344
0155 8_29 11 north 9 26130 52260 522592
0156 8_69 12 north 9 23046 46092 460920
0157 8_72_0 30 north 9 20806 41612 416109
0158 14_159 8 north 8 24630 49260 492591
0159 14_165 8 north 8 27303 54606 546057
0160 14_19 17 south 8 17863 35725 357246
0161 14_65 34 south 8 24577 49153 491526
0162 17_12 42 north 8 24396 48792 487912
0163 17_25_1 18 north 8 36543 73086 730857
0164 17_50_af1162f3_cde7_4f99_9e9e_895ef152763a 10 north 8 18291 36580 365796
0165 1_0 23 south 8 19060 38120 381192
0166 1_1 38 south 8 18057 36114 361133
0167 1_74_ad63bf00_8410_44ca_91c7_f67f473b01ec 53 south 8 17822 35643 356424
0168 1_93 52 south 8 17735 35469 354684
0169 21_11_0 46 north 8 25695 51390 513896
0170 25_102_c8134de7_b38d_4d09_8241_eb8d58f0f6f7_0 32 north 8 33247 66493 664928
0171 25_130 52 north 8 31693 63386 633855
0172 25_44_2aec770e_d59c_43bb_b1a6_6bb27f90f398_6296ad33_4aa4_487b_99f3_737a3843e2b4_0 12 north 8 45907 91813 918128
0173 2_86_0 30 north 8 17853 35704 357038
0174 3_25 54 south 8 18057 36114 361128
0175 3_76_0365aa47_a07f_4b68_9d4d_af6f9bf20101 19 north 8 17721 35440 354393
0176 4_20_cc2574b2_4959_449f_a889_cb9227b83ee0 11 north 8 18888 37774 377736
0177 4_32 18 north 8 18180 36359 363585
0178 5_13_77c609f7_3bbc_4a86_8985_cc9c9a26ee9c 19 south 8 18129 36257 362565
0179 5_20 41 north 8 18583 37165 371641
0180 6_19 18 north 8 18231 36462 364620
0181 6_20 19 north 8 18291 36581 365801
0182 6_24 24 south 8 17826 35652 356514
0183 6_38_e7c7b08a_2a80_43c8_ab07_c45529c4893e 34 south 8 18966 37931 379301
0184 6_46 47 north 8 18333 36666 366650
0185 6_65 32 north 8 24387 48774 487728
0186 6_88_5e63e45b_868b_4cc4_8494_b15770d7e472 38 north 8 17848 35695 356946
0187 7_36_3a709628_a06e_44dd_b3f5_ff6c760dc4db_0 12 north 8 18255 36509 365079
0188 7_36_b9386131_d1c0_4e32_9287_257d1b559350 13 north 8 19659 39317 393165
0189 7_94_678bdbea_75d0_4011_9751_aa36c5cbfb1b 47 north 8 25273 50545 505444
0190 8_40 32 north 8 20319 40638 406377
0191 8_41 33 north 8 23744 47487 474864
0192 8_57 12 north 8 22637 45273 452729
0193 8_59 34 north 8 25374 50748 507470
0194 8_9 51 south 8 25279 50558 505575
0195 14_0 19 south 7 43281 86560 865598
0196 17_17_0 5 north 7 47994 95987 959862
0197 1_73_0 44 north 7 17898 35796 357947
0198 25_135 52 north 7 18580 37159 371584
0199 25_44_27eb7045_d303_43ac_b063_d26cf6674bd7 18 north 7 28236 56472 564710
0200 3_83 50 north 7 18037 36074 360729
0201 4_1 19 south 7 18249 36498 364970
0202 8_74_e69e5d65_9664_444e_879f_d9d61885c616 36 north 7 26270 52539 525383
0203 11_12_6c54e54f_9039_4347_a927_270b643527b4 19 south 6 18023 36045 360441
0204 11_13_f247af42_9ab8_4410_a695_5846d748ccfb 33 south 6 18131 36261 362607
0205 11_2 55 south 6 18488 36975 369744
0206 11_20 52 north 6 23267 46533 465320
0207 11_30_6e06378d_1cc5_4d12_8f34_a6b46abaad39 49 north 6 22200 44400 443986
0208 11_31 19 north 6 17903 35805 358041
0209 11_9 17 south 6 17718 35436 354357
0210 14_100 37 north 6 17970 35940 359388
0211 14_108 10 north 6 29139 58277 582763
0212 14_115 7 north 6 49497 98994 989928
0213 14_16 23 south 6 18405 36810 368098
0214 14_164 32 north 6 31769 63537 635364
0215 14_183 29 north 6 25669 51337 513362
0216 14_202 18 north 6 23572 47143 471423
0217 14_203 52 north 6 18234 36468 364672
0218 14_205 38 north 6 24971 49941 499401
0219 14_22 36 south 6 17821 35642 356410
0220 14_3 18 south 6 20486 40971 409699
0221 14_61_859e371a_f357_4c6e_ba26_c8eaf79de7de 55 south 6 18058 36115 361148
0222 14_73 36 south 6 18245 36489 364881
0223 14_80 12 north 6 21761 43521 435209
0224 14_84 14 north 6 19333 38665 386642
0225 17_14 49 north 6 27564 55126 551257
0226 17_15 47 north 6 32642 65283 652822
0227 17_26_9fb3f4a6_3a07_4194_9cdc_37113336b544_0 8 north 6 24075 48150 481500
0228 17_47 35 north 6 27768 55536 555354
0229 17_49 11 north 6 23696 47391 473904
0230 17_5 12 north 6 21618 43236 432358
0231 1_102_1 36 south 6 17720 35439 354390
0232 1_106 52 south 6 17853 35704 357036
0233 1_107 52 north 6 17853 35704 357037
0234 1_20 39 south 6 17949 35898 358977
0235 1_47 51 north 6 17940 35880 358793
0236 1_48 51 north 6 17979 35958 359577
0237 1_49 29 north 6 17820 35638 356375
0238 1_53 47 north 6 17923 35846 358452
0239 1_62 14 north 6 18987 37972 379716
0240 1_64 19 north 6 19321 38641 386403
0241 1_96 48 south 6 17791 35581 355806
0242 21_10_37aedaf1_98f5_4593_a206_70eb1e2b7286 50 north 6 23265 46528 465273
0243 21_18 44 north 6 27768 55535 555341
0244 21_1_0 14 north 6 21747 43493 434922
0245 21_5_1 13 north 6 26414 52827 528270
0246 25_102_0814cbe8_cf8f_487f_9601_10694c5a73d4 34 north 6 68544 137088 1370877
0247 25_102_7518de3a_25c4_4ca3_b736_5ed0e4c79e4e_53c57c2e_abb2_44ea_bb57_16d8c7956804 43 north 6 25546 51092 510911
0248 25_102_c8134de7_b38d_4d09_8241_eb8d58f0f6f7_5 31 north 6 31021 62042 620415
0249 25_103 12 north 6 22694 45387 453863
0250 25_109_2 12 north 6 24081 48162 481619
0251 25_110 36 north 6 28363 56725 567246
0252 25_134 52 north 6 20211 40422 404212
0253 25_137 10 north 6 37514 75027 750257
0254 25_17 17 north 6 37050 74099 740985
0255 25_44_494082be_0133_416f_85c7_587be1d61811 12 north 6 18933 37865 378644
0256 25_44_65b5f701_3c47_4d9c_8e2b_9ab77f60ed98_0 6 north 6 65887 131773 1317724
0257 25_44_890e8ce0_33fc_4468_943a_2f1a4b488598 12 north 6 22031 44061 440604
0258 25_44_ac2537fb_47e9_44e7_a35f_0c7200f14575 19 north 6 30550 61100 610992
0259 25_44_b295be93_14c8_4157_9909_9a8d252a42bd 12 north 6 18894 37788 377880
0260 25_44_d2cb6617_4b6e_4ded_9566_34502d7fdc97 12 north 6 19860 39720 397197
0261 2_0 21 south 6 18239 36477 364761
0262 2_16 33 south 6 17736 35472 354708
0263 2_27 50 south 6 17826 35652 356506
0264 2_28 48 south 6 17848 35695 356946
0265 2_39 55 south 6 18127 36254 362531
0266 2_4 55 south 6 18151 36302 363009
0267 2_6 54 south 6 17957 35913 359121
0268 2_60_0 16 north 6 18465 36928 369275
0269 2_68 19 north 6 19379 38757 387558
0270 2_74 51 north 6 18016 36032 360312
0271 2_76 51 north 6 18099 36196 361956
0272 2_78_5abcc80c_64d6_4e48_b6e1_4660c23e6ec3 21 south 6 17884 35767 357668
0273 2_78_aa6a2689_fd76_40f9_89cc_3ef6b83212dc 20 north 6 17886 35772 357712
0274 2_87_35452e35_e3d8_4db7_beef_1693b570c863 32 north 6 17725 35450 354492
0275 2_87_776cdef2_1976_4886_81d1_a5afdb2438c0 35 north 6 17684 35367 353660
0276 2_94 17 north 6 18015 36030 360291
0277 3_105 50 south 6 18005 36009 360090
0278 3_23 55 south 6 18183 36364 363633
0279 3_28 53 south 6 17907 35814 358131
0280 3_36 18 north 6 17788 35576 355749
0281 3_3_0 23 south 6 19452 38902 389012
0282 3_64_48fbb8e3_01ce_4cea_acb8_bb8a2e5a7118_0 43 north 6 18193 36386 363852
0283 3_64_99c072fc_c204_46eb_8121_3be780e10b11 43 north 6 17927 35853 358527
0284 3_87_d58a8165_04e0_4136_a513_5a3998122465_0 30 north 6 17799 35596 355951
0285 4_16_0 36 north 6 17787 35573 355721
0286 4_33 15 south 6 17811 35620 356195
0287 4_35 18 south 6 17778 35554 355538
0288 5_0 19 south 6 30002 60003 600016
0289 5_15 13 north 6 21844 43688 436870
0290 5_32 38 north 6 23776 47551 475501
0291 5_33 11 north 6 22541 45081 450810
0292 5_34 10 north 6 20648 41295 412939
0293 5_42 43 north 6 25193 50385 503850
0294 5_45 11 north 6 24172 48343 483425
0295 5_51 30 north 6 22571 45141 451402
0296 5_6 17 south 6 17889 35778 357775
0297 5_60_be257e4d_7e13_4ad4_b12f_987d0b717047 45 north 6 23584 47168 471669
0298 6_29 17 south 6 17884 35768 357669
0299 6_38_1e021cbd_6dcf_49f4_a131_73e03c120975 34 south 6 18613 37225 372248
0300 6_39 35 south 6 18682 37363 373627
0301 6_4 54 south 6 20647 41293 412923
0302 6_51 11 north 6 19926 39851 398502
0303 6_55 11 north 6 19992 39983 399823
0304 6_61 33 north 6 20960 41919 419184
0305 6_68 36 north 6 23715 47430 474288
0306 6_76 15 north 6 19672 39344 393434
0307 7_14 17 south 6 17877 35754 357531
0308 7_15 18 south 6 17787 35572 355716
0309 7_23 19 south 6 21799 43597 435966
0310 7_26 33 south 6 18922 37843 378423
0311 7_30 10 north 6 30615 61229 612282
0312 7_32 42 north 6 41632 83263 832627
0313 7_33 43 north 6 36532 73063 730621
0314 7_47 11 north 6 22541 45081 450810
0315 7_50 11 north 6 24172 48343 483425
0316 7_58 43 north 6 21411 42820 428192
0317 7_59 43 north 6 24930 49859 498585
0318 7_60 11 north 6 22451 44901 449004
0319 7_63 33 north 6 22440 44879 448779
0320 7_65 47 north 6 20652 41304 413028
0321 7_70 29 north 6 19631 39261 392598
0322 7_74 12 north 6 31912 63824 638232
0323 7_91_0 34 north 6 21384 42768 427669
0324 7_94_42d82898_a94d_476c_9f14_8a1a4d1490c7 44 north 6 18795 37590 375899
0325 7_94_9dc42f30_c775_4cb3_a4ab_435443c37527 42 north 6 22622 45243 452430
0326 7_94_c65b0a8d_c3e7_4a8e_9479_7852723ca6b0 42 north 6 23976 47952 479511
0327 8_10 34 south 6 19696 39392 393913
0328 8_21 42 north 6 21183 42366 423659
0329 8_23 36 south 6 17771 35541 355400
0330 8_32 33 north 6 28476 56951 569505
0331 8_39 36 north 6 22617 45233 452320
0332 8_44 34 north 6 27819 55636 556352
0333 8_47 32 north 6 20289 40578 405771
0334 8_6_0 54 south 6 18720 37439 374382
0335 8_78 34 north 6 26419 52837 528365
0336 11_28 49 north 5 19703 39405 394043
0337 17_20 56 north 5 49231 98462 984611
0338 17_50_a8189c3b_6ffa_49a1_8081_52865de41280 11 north 5 35211 70421 704201
0339 1_23 56 south 5 17855 35709 357085
0340 25_102_a2771995_66e3_4e82_bc63_03e7dea67e0b 36 north 5 33817 67634 676332
0341 25_102_d018e04f_a790_4963_9cfc_3062fe4c8e18_c5d2950f_1de1_4878_9855_cff54e57745b 33 north 5 49180 98360 983591
0342 25_119 20 north 5 36953 73905 739048
0343 25_44_7177d04a_fc20_4ba5_b202_ddd7ca233c5a 16 north 5 41409 82818 828169
0344 2_26 48 south 5 17892 35782 357818
0345 2_43 25 south 5 17899 35798 357975
0346 2_71 49 north 5 18686 37371 373707
0347 3_22 55 south 5 19000 38000 379992
0348 8_4 53 south 5 25634 51267 512667
0349 11_10_2617e02d_9e14_458a_b2f7_9151c5d9ad8e 19 south 4 22173 44344 443438
0350 11_14 36 south 4 18549 37096 370956
0351 11_18 51 north 4 18416 36831 368298
0352 11_19 43 north 4 19172 38343 383422
0353 11_21 48 north 4 19923 39845 398445
0354 11_22 54 north 4 20517 41032 410311
0355 11_26 50 north 4 18824 37647 376463
0356 11_27 50 north 4 19171 38342 383415
0357 11_5 55 south 4 18603 37204 372032
0358 14_10 59 south 4 21389 42777 427764
0359 14_103 38 north 4 21354 42708 427068
0360 14_105 10 north 4 25032 50064 500634
0361 14_106 33 north 4 29522 59043 590424
0362 14_107 33 north 4 28673 57345 573448
0363 14_111 2 north 4 30546 61090 610896
0364 14_113 10 north 4 24195 48389 483882
0365 14_114 30 north 4 42777 85552 855512
0366 14_116 29 north 4 32003 64005 640038
0367 14_120 8 north 4 33710 67419 674190
0368 14_13 55 south 4 20826 41650 416496
0369 14_149 30 north 4 25897 51793 517928
0370 14_157 32 north 4 23247 46494 464937
0371 14_158 9 north 4 27948 55896 558951
0372 14_162 9 north 4 35564 71127 711256
0373 14_175 30 north 4 23850 47700 476987
0374 14_187 36 north 4 32154 64308 643069
0375 14_188 36 north 4 27747 55494 554929
0376 14_194 52 north 4 21297 42594 425931
0377 14_195 52 north 4 21962 43923 439224
0378 14_197_7475ed65_951e_4125_acf9_07a9ea16d729 17 north 4 18052 36103 361021
0379 14_198 13 north 4 20832 41664 416627
0380 14_2 58 south 4 24084 48168 481669
0381 14_20 37 south 4 17839 35678 356772
0382 14_204 53 north 4 23335 46669 466684
0383 14_27 18 south 4 32353 64706 647049
0384 14_31 18 south 4 22719 45438 454380
0385 14_34 18 south 4 35130 70260 702597
0386 14_42 18 south 4 33185 66369 663684
0387 14_63 19 south 4 19688 39375 393747
0388 14_64 34 south 4 21046 42092 420915
0389 14_66 35 south 4 20767 41534 415333
0390 14_81 53 north 4 23601 47201 472002
0391 14_83 14 north 4 18364 36728 367271
0392 14_99 44 north 4 17904 35808 358080
0393 17_0 19 south 4 22064 44127 441261
0394 17_1 19 south 4 21724 43447 434462
0395 17_13_0 44 north 4 28315 56630 566290
0396 17_38 11 north 4 23317 46634 466329
0397 17_4 44 north 4 21017 42033 420330
0398 17_44 37 north 4 23497 46993 469923
0399 17_45 12 north 4 20103 40206 402060
0400 17_46 30 north 4 23346 46691 466903
0401 17_48 44 north 4 25860 51719 517184
0402 17_6 42 north 4 22654 45307 453063
0403 17_9 12 north 4 23117 46233 462318
0404 1_101 53 south 4 17718 35436 354357
0405 1_102_3 36 south 4 17751 35502 355011
0406 1_104 52 south 4 17715 35428 354274
0407 1_109 32 north 4 17842 35684 356833
0408 1_122 49 north 4 17798 35595 355938
0409 1_15 57 south 4 17975 35949 359479
0410 1_17 57 south 4 17923 35846 358455
0411 1_25 56 south 4 17864 35727 357256
0412 1_26 56 south 4 17757 35513 355120
0413 1_28 55 south 4 17707 35413 354122
0414 1_30 49 south 4 17935 35869 358686
0415 1_31 57 south 4 17969 35937 359361
0416 1_36 57 south 4 17894 35787 357866
0417 1_38 49 south 4 17964 35926 359253
0418 1_42 51 north 4 18195 36390 363900
0419 1_43 51 north 4 18138 36274 362737
0420 1_44 51 north 4 17965 35930 359294
0421 1_46 51 north 4 18078 36156 361554
0422 1_56 19 north 4 19094 38187 381864
0423 1_57 19 north 4 19167 38333 383325
0424 1_6 60 south 4 18846 37690 376896
0425 1_60 14 north 4 19024 38047 380463
0426 1_66 17 north 4 18365 36729 367283
0427 1_77 53 south 4 17778 35554 355533
0428 1_8 58 south 4 18249 36498 364971
0429 1_9 60 south 4 18774 37548 375480
0430 1_91 47 south 4 17815 35629 356284
0431 1_97 52 south 4 17743 35485 354842
0432 21_10_331b2346_c52f_40ca_b575_5f6ff45d6fde_2 46 north 4 29428 58856 588553
0433 21_15 49 north 4 26986 53972 539715
0434 21_17 44 north 4 29059 58118 581172
0435 21_4 13 north 4 31988 63975 639738
0436 25_0 47 north 4 21610 43219 432187
0437 25_102_4ec0184c_01a7_4b6c_b2b7_72f20b8bb02d 38 north 4 25954 51908 519069
0438 25_102_a542909d_75d3_443a_9ad6_ecc5287fc105 38 north 4 21747 43494 434931
0439 25_102_d24a37b0_476e_4a0c_820b_d270b38a4a04 31 north 4 30780 61558 615578
0440 25_104 53 north 4 22344 44686 446853
0441 25_105 43 north 4 22285 44570 445695
0442 25_116 55 north 4 28893 57784 577838
0443 25_121 12 north 4 25079 50157 501570
0444 25_125 53 north 4 24322 48644 486431
0445 25_139 32 north 4 28872 57744 577434
0446 25_14 53 north 4 28699 57397 573962
0447 25_18 17 north 4 30290 60579 605781
0448 25_19 32 north 4 31538 63075 630741
0449 25_2 51 north 4 20061 40122 401210
0450 25_20 32 north 4 42880 85759 857583
0451 25_22_0 17 north 4 36292 72584 725834
0452 25_27 34 north 4 31860 63720 637197
0453 25_31 5 north 4 43269 86538 865380
0454 25_4 43 north 4 21214 42427 424263
0455 25_44_17df0456_c1ca_4209_94b4_413551568201 10 north 4 30176 60351 603510
0456 25_44_43d1691a_db32_41b9_b723_d759dce27743 12 north 4 21423 42844 428433
0457 25_44_4f59bb10_db39_465d_8be9_7e891c3fea17 9 north 4 27985 55969 559684
0458 25_44_a05f2791_118b_454d_a4b6_dcf9a1aab53a_0 12 north 4 21220 42439 424386
0459 25_48 9 north 4 34744 69487 694866
0460 25_57 21 north 4 26244 52486 524856
0461 25_6 52 north 4 21297 42594 425931
0462 25_74 13 north 4 22368 44736 447358
0463 25_8 58 north 4 44938 89876 898753
0464 2_101 50 north 4 18012 36024 360228
0465 2_11 51 south 4 17821 35641 356402
0466 2_14 37 south 4 17804 35607 356056
0467 2_15 48 south 4 17685 35368 353678
0468 2_17 50 south 4 17748 35496 354960
0469 2_18 50 north 4 17724 35448 354466
0470 2_22 51 south 4 17874 35748 357468
0471 2_25 37 south 4 17844 35688 356866
0472 2_36 36 south 4 18030 36059 360582
0473 2_37 55 south 4 17997 35994 359937
0474 2_46 49 south 4 17948 35895 358938
0475 2_48 51 north 4 18139 36278 362773
0476 2_49 51 north 4 18201 36402 364010
0477 2_5 55 south 4 18181 36361 363603
0478 2_55 46 north 4 18762 37522 375217
0479 2_62 16 north 4 18185 36369 363681
0480 2_69 18 north 4 19214 38427 384261
0481 2_72 16 north 4 18075 36150 361491
0482 2_73 19 north 4 18128 36255 362550
0483 2_75 20 north 4 18060 36120 361192
0484 2_78_6b7784d6_25c2_4ef3_a3ea_59db53604105 19 north 4 17727 35453 354522
0485 2_87_7488ec2c_0715_4394_bae8_c241d5830a08 35 north 4 17772 35544 355426
0486 2_89 51 north 4 17938 35876 358749
0487 2_90 21 north 4 17856 35712 357110
0488 2_95_0 17 north 4 18069 36138 361377
0489 2_99 51 north 4 18046 36091 360907
0490 3_0 58 south 4 19616 39231 392307
0491 3_102 50 south 4 18040 36079 360784
0492 3_110 51 south 4 17871 35742 357411
0493 3_111 49 south 4 17888 35775 357739
0494 3_114 49 south 4 17928 35856 358559
0495 3_117 51 south 4 17754 35508 355078
0496 3_13 54 south 4 18165 36330 363291
0497 3_17 55 south 4 18954 37906 379052
0498 3_30 51 south 4 17709 35416 354156
0499 3_31 51 south 4 17920 35839 358383
0500 3_34 50 south 4 17813 35625 356247
0501 3_38 51 north 4 17909 35817 358164
0502 3_40 51 north 4 18906 37812 378119
0503 3_44 5 north 4 18446 36891 368900
0504 3_50 18 north 4 19119 38238 382374
0505 3_52_0 14 north 4 18596 37191 371906
0506 3_53 49 north 4 18663 37324 373234
0507 3_58_0 17 north 4 18989 37977 379760
0508 3_64_330d9af4_88c8_4472_b71b_59355a13d491 45 north 4 20123 40245 402444
0509 3_78 18 north 4 17935 35870 358694
0510 3_79 51 north 4 18072 36144 361431
0511 3_80 51 north 4 18174 36346 363453
0512 3_91_66595f4a_964f_42bb_b33e_e78abc2f43a1 23 south 4 17907 35814 358138
0513 3_93 24 south 4 17833 35666 356652
0514 3_99 36 south 4 18699 37397 373961
0515 4_0 34 south 4 21718 43435 434346
0516 4_24_0 12 north 4 18996 37992 379920
0517 4_29 14 north 4 18687 37372 373714
0518 4_3 24 south 4 18046 36091 360907
0519 4_31_0 19 north 4 18110 36219 362186
0520 4_6_bb3ed88d_6b7c_45b0_9659_70fcf2f622c0 49 south 4 18657 37312 373115
0521 4_9 38 south 4 18957 37912 379111
0522 5_11 35 south 4 22782 45563 455622
0523 5_2 54 south 4 21450 42898 428977
0524 5_23 13 north 4 22587 45174 451738
0525 5_28_0 10 north 4 25398 50795 507944
0526 5_31 11 north 4 21206 42411 424098
0527 5_36 30 north 4 24550 49100 490989
0528 5_39 30 north 4 25898 51795 517946
0529 5_5 35 south 4 18973 37946 379449
0530 5_52 13 north 4 21211 42422 424215
0531 5_53 13 north 4 20256 40511 405103
0532 5_55 13 north 4 23631 47261 472603
0533 5_60_999bfa04_9265_44ac_b688_ea7d98e5a2b8 44 north 4 20730 41460 414599
0534 5_7 18 south 4 17752 35503 355024
0535 5_8_0 18 north 4 17883 35764 357638
0536 6_0 52 south 4 20460 40919 409179
0537 6_14 23 south 4 18484 36967 369663
0538 6_15 17 north 4 17876 35751 357501
0539 6_16 18 north 4 17919 35838 358366
0540 6_2 51 south 4 19266 38531 385299
0541 6_28 24 south 4 17833 35666 356652
0542 6_34 36 south 4 19954 39907 399061
0543 6_36 36 south 4 18699 37397 373961
0544 6_43 14 north 4 18182 36363 363629
0545 6_44 13 north 4 18213 36426 364251
0546 6_45 18 north 4 19532 39063 390620
0547 6_47 13 north 4 20041 40082 400809
0548 6_50 36 north 4 20150 40299 402978
0549 6_52 32 north 4 26112 52224 522229
0550 6_54 32 north 4 20792 41583 415816
0551 6_58 33 north 4 21813 43625 436242
0552 6_62 36 north 4 21426 42850 428492
0553 6_71 43 north 4 18654 37307 373060
0554 6_73 13 north 4 18615 37230 372294
0555 6_75 13 north 4 19533 39064 390633
0556 6_87 15 north 4 18533 37065 370637
0557 7_0 19 south 4 27992 55983 559821
0558 7_1 19 south 4 37537 75073 750726
0559 7_12 35 south 4 18742 37484 374832
0560 7_16 18 north 4 17868 35736 357352
0561 7_25 34 south 4 20662 41323 413223
0562 7_27 35 south 4 19834 39667 396664
0563 7_31 44 north 4 27488 54975 549739
0564 7_40 13 north 4 20256 40511 405103
0565 7_43 12 north 4 22822 45643 456426
0566 7_45 13 north 4 22587 45174 451738
0567 7_48 13 north 4 22559 45117 451160
0568 7_51 11 north 4 21206 42411 424098
0569 7_52 13 north 4 23927 47853 478523
0570 7_55 11 north 4 23244 46488 464869
0571 7_57 48 north 4 21798 43594 435935
0572 7_62 11 north 4 19842 39683 396819
0573 7_66 46 north 4 20051 40101 401001
0574 7_71 38 north 4 27998 55995 559940
0575 7_72 36 north 4 30591 61180 611797
0576 7_75 11 north 4 25531 51061 510606
0577 7_76_0 14 north 4 27151 54302 543011
0578 7_77 47 north 4 33492 66983 669821
0579 7_78_0 10 north 4 20810 41619 416184
0580 7_8 54 south 4 19237 38474 384730
0581 7_83 11 north 4 23734 47468 474672
0582 7_85 40 north 4 23532 47064 470631
0583 7_90 37 north 4 23563 47126 471252
0584 7_94_046c1e1a_264b_40d3_a236_be9c709122f6 43 north 4 21664 43328 433270
0585 7_94_89e3cea9_cf8f_483c_a868_14183151a10a 38 north 4 25473 50944 509433
0586 8_0_0 18 south 4 34544 69087 690861
0587 8_0_1 18 south 4 26084 52167 521661
0588 8_1 54 south 4 19861 39722 397209
0589 8_13 18 north 4 17850 35698 356975
0590 8_15 36 north 4 17924 35847 358469
0591 8_17 12 north 4 19023 38046 380452
0592 8_22 43 north 4 21309 42618 426174
0593 8_24 17 south 4 17757 35514 355127
0594 8_28 41 north 4 23550 47099 470982
0595 8_30 10 north 4 23667 47334 473331
0596 8_31 31 north 4 24467 48933 489318
0597 8_33_0 10 north 4 26809 53617 536167
0598 8_37 35 north 4 23132 46263 462627
0599 8_42 39 north 4 22026 44052 440508
0600 8_5 53 south 4 21144 42288 422880
0601 8_55 11 north 4 20493 40984 409832
0602 8_56 12 north 4 20485 40969 409684
0603 8_58 36 north 4 23936 47871 478702
0604 8_60 42 north 4 21667 43333 433325
0605 8_66 12 north 4 19797 39593 395920
0606 8_67 12 north 4 20823 41645 416439
0607 8_77 34 north 4 22066 44131 441305
0608 14_102_0 34 north 3 28608 57214 572135
0609 14_189 31 north 3 33358 66716 667149
0610 17_21 52 north 3 47792 95583 955824
0611 1_19 2 south 3 18564 37126 371257
0612 1_22 24 south 3 18211 36421 364201
0613 1_40 16 north 3 18222 36444 364437
0614 1_55 16 north 3 19000 37999 379983
0615 1_59 5 north 3 18519 37038 370377
0616 1_92 52 south 3 17736 35470 354692
0617 21_13 51 north 3 26481 52961 529602
0618 25_114 55 north 3 23615 47229 472281
0619 25_126 44 north 3 32607 65214 652128
0620 25_13 54 north 3 33406 66812 668109
0621 25_15 3 north 3 33181 66362 663612
0622 25_16 3 north 3 41853 83706 837057
0623 25_44_ddb70efb_8271_45bc_9306_e5e050e895fb_0 14 north 3 23901 47802 478020
0624 25_7 58 north 3 26578 53156 531549
0625 2_38 50 south 3 18090 36180 361800
0626 2_45 50 south 3 17991 35982 359809
0627 2_61 15 north 3 18837 37673 376720
0628 2_63 16 north 3 18959 37917 379158
0629 2_98_0 44 north 3 17946 35890 358898
0630 3_107 51 south 3 18049 36098 360975
0631 3_47 17 north 3 19362 38722 387216
0632 3_87_b6b560a0_7cc5_4ac5_ae90_da821641f94a 33 north 3 17653 35305 353046
0633 4_36 17 south 3 17879 35757 357557
0634 6_42_1 19 north 3 18636 37272 372718
0635 6_88_767a00ca_c72f_4fca_9e77_6a877aa3e43e 38 south 3 17778 35556 355554
0636 6_88_80e90187_b967_44d3_a893_ef1bdb391e3a 30 north 3 18462 36923 369221
0637 7_36_31cfe2a6_1765_407c_8016_83fa4f3a3808 13 north 3 18232 36464 364633
0638 7_61 11 north 3 20671 41342 413415
0639 7_94_846968b1_bcfd_4aed_b3a5_ffe3afeae1df 50 north 3 31206 62411 624099
0640 7_94_b5826a7a_e1a1_4df0_b128_011f2574f372_0 43 north 3 27465 54929 549283
0641 8_63 35 north 3 20682 41364 413639
0642 8_64 34 north 3 23275 46550 465494
0643 8_74_2b5873c6_805e_4add_afca_7158e226afe0 35 north 3 26156 52311 523109
0644 11_16 43 north 2 18066 36131 361299
0645 11_24 14 north 2 19143 38285 382843
0646 11_7 17 south 2 17870 35739 357376
0647 14_1 18 south 2 28389 56778 567776
0648 14_101_0 18 north 2 27499 54998 549969
0649 14_109 1 north 2 32990 65979 659788
0650 14_11 60 south 2 21777 43554 435526
0651 14_110 1 north 2 32607 65212 652117
0652 14_112 2 north 2 34255 68509 685088
0653 14_117 29 north 2 33261 66520 665193
0654 14_122 32 north 2 28068 56134 561331
0655 14_130 9 north 2 25018 50036 500355
0656 14_138 9 north 2 35836 71672 716715
0657 14_141 9 north 2 25818 51636 516360
0658 14_147 29 north 2 26244 52488 524876
0659 14_152 30 north 2 39285 78569 785681
0660 14_155 30 north 2 26889 53776 537756
0661 14_156 33 north 2 31230 62460 624600
0662 14_160 9 north 2 32610 65220 652187
0663 14_163 9 north 2 32973 65946 659447
0664 14_167 8 north 2 40805 81609 816076
0665 14_170 8 north 2 41405 82809 828080
0666 14_173 8 north 2 26619 53238 532375
0667 14_180 31 north 2 19710 39418 394174
0668 14_197_13334784_3aad_4f02_82e3_c8cb9bf88b57 14 north 2 20357 40713 407118
0669 14_199 18 north 2 20712 41424 414239
0670 14_200 54 north 2 21820 43639 436388
0671 14_201 15 north 2 25105 50209 502086
0672 14_25 18 south 2 44113 88226 882252
0673 14_26 18 south 2 25012 50023 500224
0674 14_28 18 south 2 24542 49083 490824
0675 14_32 18 south 2 25605 51209 512085
0676 14_33 18 south 2 28632 57262 572613
0677 14_35 18 south 2 21550 43100 430992
0678 14_37 18 south 2 24600 49199 491985
0679 14_40 18 south 2 22356 44710 447098
0680 14_41 18 south 2 21469 42938 429370
0681 14_43 18 south 2 20535 41070 410693
0682 14_47 18 south 2 24396 48791 487903
0683 14_5 58 south 2 19686 39372 393707
0684 14_50 18 south 2 23523 47046 470454
0685 14_51 18 south 2 24366 48732 487308
0686 14_56 18 south 2 23388 46776 467754
0687 14_58 18 south 2 25599 51197 511961
0688 14_59 18 south 2 25250 50499 504979
0689 14_6 58 south 2 23713 47425 474243
0690 14_74 36 south 2 18240 36479 364784
0691 14_76 15 north 2 18615 37228 372277
0692 14_79 14 north 2 20461 40921 409207
0693 14_85 43 north 2 19819 39637 396363
0694 14_86 43 north 2 21051 42101 421003
0695 14_92 51 north 2 22782 45563 455619
0696 14_93 51 north 2 20610 41220 412199
0697 14_94 51 north 2 22788 45576 455760
0698 14_95 48 north 2 19654 39308 393072
0699 14_98 18 north 2 17889 35776 357753
0700 17_10 36 north 2 25668 51336 513349
0701 17_16 11 north 2 21515 43029 430277
0702 17_39 11 north 2 26884 53767 537664
0703 17_40 36 north 2 19951 39901 399002
0704 17_7 12 north 2 22821 45641 456405
0705 1_10 55 south 2 18088 36175 361743
0706 1_108 52 north 2 17814 35626 356251
0707 1_112 48 north 2 17716 35431 354306
0708 1_114 48 north 2 17744 35487 354859
0709 1_119 48 north 2 17757 35514 355132
0710 1_120 47 north 2 17802 35604 356026
0711 1_121 46 north 2 17714 35427 354268
0712 1_14 57 south 2 18117 36234 362338
0713 1_16 57 south 2 18102 36203 362019
0714 1_2 40 south 2 19452 38904 389029
0715 1_27 56 south 2 17710 35420 354193
0716 1_29 50 south 2 17964 35926 359251
0717 1_3 58 south 2 18951 37900 378993
0718 1_32 50 south 2 17995 35989 359886
0719 1_33 56 south 2 18060 36120 361198
0720 1_39 19 north 2 18143 36285 362838
0721 1_41 51 north 2 18055 36110 361089
0722 1_45 51 north 2 17880 35759 357584
0723 1_5 40 south 2 18890 37779 377790
0724 1_58 5 north 2 18180 36360 363598
0725 1_61 4 north 2 19752 39504 395027
0726 1_63 18 north 2 19045 38090 380895
0727 1_7 58 south 2 18460 36920 369195
0728 1_71 20 north 2 18229 36458 364574
0729 1_76 54 south 2 17889 35777 357760
0730 1_79 18 north 2 17798 35595 355946
0731 1_82 49 north 2 17787 35574 355736
0732 1_84 50 south 2 17855 35709 357081
0733 1_85 50 south 2 17808 35616 356159
0734 1_88 47 north 2 17777 35553 355518
0735 1_90 37 south 2 17837 35673 356719
0736 1_95 48 south 2 17703 35406 354057
0737 1_98 53 south 2 17683 35365 353644
0738 1_99 52 south 2 17712 35424 354229
0739 21_10_331b2346_c52f_40ca_b575_5f6ff45d6fde_0 46 north 2 21819 43637 436365
0740 21_10_74f0e165_400c_4eea_9f9d_181a1d5f94b4 52 north 2 22119 44237 442362
0741 21_12 54 north 2 21414 42828 428269
0742 21_16 14 north 2 27537 55073 550719
0743 25_1 48 north 2 19654 39308 393072
0744 25_101 9 north 2 38736 77472 774713
0745 25_102_5208b0f0_a765_4050_bd43_d6f9a8e6a402 38 north 2 30377 60753 607518
0746 25_102_8bd66ea2_6c0a_4a68_8ddb_bf56b42b2f48 38 north 2 22285 44569 445681
0747 25_102_d018e04f_a790_4963_9cfc_3062fe4c8e18_1436c756_9aff_4ae7_8239_146244ced153 33 north 2 48710 97419 974188
0748 25_102_d018e04f_a790_4963_9cfc_3062fe4c8e18_562d9dfe_6bdf_4ef9_b635_ce6043299ef0 32 north 2 45510 91020 910200
0749 25_106 43 north 2 21978 43955 439542
0750 25_107 12 north 2 25119 50237 502364
0751 25_111 54 north 2 25300 50600 505994
0752 25_113 55 north 2 23537 47073 470716
0753 25_115 55 north 2 25152 50304 503035
0754 25_117 10 north 2 25904 51807 518059
0755 25_12 56 north 2 31821 63642 636408
0756 25_122 46 north 2 23945 47889 478888
0757 25_129 55 north 2 24725 49449 494481
0758 25_133 54 north 2 21322 42644 426435
0759 25_25 34 north 2 48970 97940 979389
0760 25_26 34 north 2 24381 48761 487599
0761 25_29 5 north 2 38622 77244 772440
0762 25_36 21 north 2 30498 60996 609957
0763 25_39 22 north 2 31676 63351 633502
0764 25_42 21 north 2 24831 49662 496616
0765 25_44_3a69299d_91b7_41e1_bc71_167ccc4813f5 12 north 2 24747 49494 494937
0766 25_45 20 north 2 21093 42186 421849
0767 25_47 20 north 2 29571 59140 591391
0768 25_5 13 north 2 20821 41642 416411
0769 25_54 9 north 2 38958 77915 779142
0770 25_55 8 north 2 39264 78528 785280
0771 25_56 9 north 2 38617 77234 772332
0772 25_58 21 north 2 37081 74162 741611
0773 25_59 21 north 2 20315 40629 406282
0774 25_60 15 north 2 27183 54366 543652
0775 25_61 8 north 2 27642 55284 552839
0776 25_63 11 north 2 36526 73051 730502
0777 25_64 19 north 2 25692 51382 513813
0778 25_70 19 north 2 23430 46860 468592
0779 25_73 8 north 2 27577 55153 551523
0780 25_77 9 north 2 26653 53305 533042
0781 25_78 11 north 2 21515 43029 430277
0782 25_83 12 north 2 29677 59354 593532
0783 25_85 19 north 2 38073 76144 761437
0784 25_91 20 north 2 24239 48477 484765
0785 25_93 9 north 2 26628 53256 532549
0786 25_94 4 north 2 27877 55753 557528
0787 25_95 20 north 2 23481 46960 469593
0788 25_97 9 north 2 36529 73058 730569
0789 25_98_0 13 north 2 34199 68397 683963
0790 25_98_1 13 north 2 33811 67622 676215
0791 2_10 17 south 2 17856 35712 357107
0792 2_100 51 north 2 17913 35824 358237
0793 2_2 60 south 2 18100 36200 361989
0794 2_23 50 south 2 17909 35817 358161
0795 2_24 48 south 2 17847 35693 356922
0796 2_29 51 south 2 17825 35649 356488
0797 2_32 20 south 2 18752 37503 375022
0798 2_34 54 south 2 18012 36023 360221
0799 2_35 24 south 2 18435 36870 368689
0800 2_40 36 south 2 18574 37148 371469
0801 2_44 51 south 2 17953 35905 359042
0802 2_47 16 north 2 18081 36160 361593
0803 2_50 16 north 2 18754 37507 375063
0804 2_52 17 north 2 18601 37202 372009
0805 2_65 46 north 2 18242 36483 364820
0806 2_70 17 north 2 18970 37939 379381
0807 2_8 53 south 2 17882 35763 357618
0808 2_81 28 north 2 18007 36013 360126
0809 2_83 47 north 2 17998 35995 359945
0810 2_84 46 north 2 18448 36895 368941
0811 2_88 18 north 2 17893 35785 357844
0812 2_9 51 south 2 17853 35704 357038
0813 2_91 44 north 2 17897 35793 357924
0814 2_92 16 north 2 18066 36132 361311
0815 2_93 17 north 2 17943 35884 358836
0816 2_97 51 north 2 17918 35835 358349
0817 3_101 51 south 2 18165 36328 363278
0818 3_104 49 south 2 17991 35982 359819
0819 3_106 50 south 2 17985 35969 359683
0820 3_109 48 south 2 17835 35669 356682
0821 3_112 49 south 2 17974 35947 359462
0822 3_113 51 south 2 17981 35961 359604
0823 3_116 51 south 2 17787 35574 355728
0824 3_119 22 south 2 17782 35563 355626
0825 3_15 39 south 2 18273 36545 365439
0826 3_2 55 south 2 19267 38534 385335
0827 3_20 53 south 2 18215 36429 364276
0828 3_24 55 south 2 18012 36024 360234
0829 3_26 55 south 2 17970 35940 359395
0830 3_27 52 south 2 18286 36571 365702
0831 3_29 54 south 2 17923 35846 358452
0832 3_32 51 south 2 17992 35984 359832
0833 3_33 52 south 2 17900 35799 357989
0834 3_35 18 north 2 17731 35461 354601
0835 3_37 18 north 2 17822 35643 356420
0836 3_39 32 north 2 17811 35620 356191
0837 3_43 4 north 2 19528 39055 390548
0838 3_46 12 north 2 19756 39512 395115
0839 3_48_36646935_b218_4bc0_b77a_2a41ebce59ed 16 north 2 19130 38259 382583
0840 3_5 36 south 2 19318 38636 386354
0841 3_51 19 north 2 19401 38800 387996
0842 3_55 43 north 2 19925 39849 398487
0843 3_57 18 north 2 18969 37938 379370
0844 3_59 17 north 2 20577 41152 411513
0845 3_61 17 north 2 19271 38541 385410
0846 3_64_d405ee27_3553_41be_a230_d03729464145 43 north 2 18908 37815 378144
0847 3_65 43 north 2 18048 36096 360949
0848 3_72 43 north 2 18376 36751 367508
0849 3_73 45 north 2 19122 38242 382414
0850 3_8 51 south 2 18398 36795 367940
0851 3_81 37 north 2 17925 35849 358479
0852 3_84 50 north 2 17994 35988 359871
0853 3_87_0572534c_03d9_4ba1_b213_366a485dd821 32 north 2 17829 35657 356565
0854 3_87_342b8989_dfeb_4d77_be5f_5646855dbadf_0 36 south 2 17706 35411 354102
0855 3_89 18 south 2 17940 35879 358782
0856 3_92 24 south 2 17853 35706 357047
0857 3_95 20 south 2 18752 37503 375022
0858 3_97 24 south 2 17826 35650 356493
0859 4_15 18 north 2 17922 35844 358426
0860 4_21 12 north 2 18564 37128 371274
0861 4_22 11 north 2 19008 38015 380143
0862 4_24_1 12 north 2 20091 40180 401795
0863 4_26 28 north 2 20697 41392 413911
0864 4_27_3cdf19b5_dcb7_478e_8b00_1ee98101333a 37 north 2 18253 36505 365047
0865 4_28 39 north 2 18401 36801 368008
0866 5_10 19 south 2 21624 43248 432479
0867 5_16 28 north 2 20413 40825 408247
0868 5_18 42 north 2 20361 40720 407198
0869 5_22 28 north 2 19425 38849 388479
0870 5_24 31 north 2 24956 49911 499101
0871 5_25 49 north 2 28570 57140 571392
0872 5_26 10 north 2 29478 58956 589559
0873 5_27 46 north 2 20810 41619 416190
0874 5_3 54 south 2 24495 48988 489876
0875 5_35 42 north 2 22239 44477 444761
0876 5_41 11 north 2 22721 45441 454398
0877 5_49 11 north 2 20733 41464 414638
0878 5_50 12 north 2 21801 43600 435994
0879 5_60_e5ab57be_b799_4c79_818d_69a540c41678 44 north 2 31092 62182 621817
0880 6_12 33 south 2 17870 35739 357376
0881 6_17 20 north 2 17987 35973 359723
0882 6_18 19 north 2 18078 36154 361536
0883 6_27 24 south 2 17862 35723 357219
0884 6_31 33 south 2 19485 38970 389687
0885 6_53 35 north 2 24098 48195 481938
0886 6_6 35 south 2 20661 41321 413204
0887 6_64 12 north 2 21021 42042 420420
0888 6_66 11 north 2 22875 45750 457493
0889 6_67 30 north 2 24732 49462 494613
0890 6_70 12 north 2 18564 37128 371274
0891 6_74 18 north 2 19551 39102 391017
0892 6_81 43 north 2 19925 39849 398487
0893 6_83 13 north 2 19748 39495 394936
0894 6_85 13 north 2 23563 47126 471255
0895 6_88_6a2cf277_48b9_4aa4_8685_2c5d750f87dc 33 north 2 18217 36433 364328
0896 6_88_835c9038_7824_47ef_84d1_23cbd45c8842 33 north 2 18030 36058 360577
0897 6_9 34 south 2 22133 44265 442644
0898 6_90 44 north 2 17962 35923 359222
0899 7_10 54 south 2 20094 40186 401856
0900 7_13 36 south 2 19837 39674 396735
0901 7_17 14 north 2 19143 38285 382843
0902 7_2 20 south 2 20929 41857 418565
0903 7_20 34 south 2 20961 41920 419195
0904 7_29_0 13 north 2 34199 68397 683963
0905 7_29_1 13 north 2 33811 67622 676215
0906 7_42 13 north 2 19869 39736 397351
0907 7_44 12 north 2 21801 43600 435994
0908 7_5 19 south 2 24982 49963 499628
0909 7_56 50 north 2 22671 45340 453396
0910 7_73 10 north 2 32389 64777 647766
0911 7_80 12 north 2 20094 40188 401872
0912 7_84 34 north 2 27633 55265 552645
0913 7_87_0 37 north 2 25974 51948 519467
0914 7_9 19 south 2 21753 43506 435060
0915 7_92 33 north 2 26622 53244 532438
0916 7_94_5e49a652_2b1a_46a8_9a76_e6c9954b6865 40 north 2 28280 56559 565579
0917 8_12 18 north 2 17889 35776 357753
0918 8_18 44 north 2 21189 42378 423771
0919 8_20 43 north 2 22170 44339 443380
0920 8_34 8 north 2 37041 74080 740794
0921 8_35 31 north 2 24593 49185 491849
0922 8_38 35 north 2 19746 39491 394905
0923 8_50 10 north 2 24425 48849 488487
0924 8_52 10 north 2 24006 48010 480094
0925 8_62 31 north 2 24462 48923 489223
0926 8_65 33 north 2 22134 44266 442655
0927 8_68 28 north 2 23965 47929 479287
0928 8_7 37 south 2 17831 35661 356607
0929 8_73 29 north 2 22008 44016 440159
