0001 11_0 55 south 1 19147 38293 382923
0002 11_4 35 south 1 20977 41954 419529
0003 14_118 29 north 1 22563 45126 451247
0004 14_12 60 south 1 21333 42665 426645
0005 14_123 32 north 1 28014 56026 560258
0006 14_124 32 north 1 36361 72722 727215
0007 14_131 9 north 1 38102 76203 762027
0008 14_132 9 north 1 25232 50463 504616
0009 14_133 9 north 1 25113 50226 502260
0010 14_134 9 north 1 24903 49804 498038
0011 14_135 9 north 1 25109 50217 502164
0012 14_136 9 north 1 25327 50654 506532
0013 14_137 10 north 1 25143 50284 502833
0014 14_139 9 north 1 25868 51735 517343
0015 14_140 10 north 1 25115 50229 502290
0016 14_142 9 north 1 33699 67397 673959
0017 14_143 10 north 1 32503 65006 650054
0018 14_145 29 north 1 34743 69486 694851
0019 14_146 29 north 1 45549 91098 910973
0020 14_15 55 south 1 18247 36493 364924
0021 14_150 30 north 1 27297 54592 545916
0022 14_151 30 north 1 41279 82557 825567
0023 14_153 30 north 1 27365 54729 547288
0024 14_154 30 north 1 25994 51987 519860
0025 14_161 33 north 1 29592 59183 591825
0026 14_166 8 north 1 27480 54959 549579
0027 14_168 8 north 1 27480 54958 549575
0028 14_169 8 north 1 27348 54695 546939
0029 14_171 8 north 1 40982 81963 819630
0030 14_176 30 north 1 24312 48623 486224
0031 14_177 31 north 1 25404 50807 508062
0032 14_178 31 north 1 25523 51045 510444
0033 14_179 32 north 1 20414 40827 408259
0034 14_181 31 north 1 25434 50866 508655
0035 14_182 32 north 1 36528 73055 730541
0036 14_192 52 north 1 21051 42100 420996
0037 14_193 54 north 1 19214 38427 384261
0038 14_196 52 north 1 21090 42180 421800
0039 14_29 18 south 1 23753 47505 475038
0040 14_30 18 south 1 23446 46891 468902
0041 14_36 18 south 1 24339 48678 486768
0042 14_38 18 south 1 24745 49489 494888
0043 14_39 19 south 1 43403 86805 868045
0044 14_44 18 south 1 24483 48965 489639
0045 14_45 18 south 1 29505 59010 590087
0046 14_46 18 south 1 22657 45314 453129
0047 14_48 18 south 1 23495 46989 469890
0048 14_49 18 south 1 35334 70666 706656
0049 14_52 18 south 1 23479 46958 469575
0050 14_53 18 south 1 35154 70306 703056
0051 14_54 18 south 1 25252 50504 505029
0052 14_55 18 south 1 34860 69720 697197
0053 14_57 18 south 1 25425 50850 508492
0054 14_60 18 south 1 30620 61239 612384
0055 14_62 55 south 1 19507 39014 390132
0056 14_70 20 south 1 22041 44082 440811
0057 14_71 22 south 1 19527 39052 390514
0058 14_72 21 south 1 18331 36661 366602
0059 14_78 14 north 1 18556 37111 371107
0060 14_8 55 south 1 22588 45175 451748
0061 14_82 52 north 1 22359 44717 447159
0062 14_90 51 north 1 21261 42522 425214
0063 14_91 51 north 1 20168 40335 403350
0064 17_11 12 north 1 21773 43545 435441
0065 17_24 57 north 1 27246 54491 544903
0066 17_3 44 north 1 20948 41895 418949
0067 1_103 52 south 1 17770 35539 355383
0068 1_105 52 south 1 17737 35474 354733
0069 1_113 48 south 1 17860 35719 357183
0070 1_115 48 south 1 17768 35535 355350
0071 1_116 48 north 1 17754 35508 355077
0072 1_117 48 south 1 17801 35601 356004
0073 1_12 2 south 1 18517 37033 370321
0074 1_13 38 south 1 17922 35844 358438
0075 1_35 56 south 1 18042 36084 360837
0076 1_51 21 north 1 17885 35769 357678
0077 1_52 20 north 1 17956 35912 359113
0078 1_65 18 north 1 18987 37974 379734
0079 1_68 17 north 1 18003 36006 360046
0080 1_75 55 south 1 17913 35825 358241
0081 1_80 18 north 1 17895 35788 357872
0082 1_83 49 north 1 17718 35435 354343
0083 1_86 49 north 1 17793 35586 355857
0084 25_100 20 north 1 33639 67276 672758
0085 25_118 32 north 1 32698 65396 653951
0086 25_132 12 north 1 22490 44979 449776
0087 25_24 33 north 1 21627 43254 432535
0088 25_30 6 north 1 47952 95903 959023
0089 25_37 21 north 1 24832 49663 496628
0090 25_38 21 north 1 32587 65174 651735
0091 25_40 21 north 1 24486 48972 489708
0092 25_41 21 north 1 24306 48611 486102
0093 25_46 20 north 1 23427 46854 468534
0094 25_50 4 north 1 45873 91746 917459
0095 25_62 12 north 1 23844 47687 476865
0096 25_65 8 north 1 27407 54813 548130
0097 25_66 18 north 1 22347 44693 446922
0098 25_67 19 north 1 30696 61392 613908
0099 25_71 20 north 1 25978 51955 519547
0100 25_72 20 north 1 26612 53223 532227
0101 25_79 9 north 1 37242 74482 744812
0102 25_80 13 north 1 22215 44429 444284
0103 25_81 9 north 1 36427 72853 728525
0104 25_84 9 north 1 26151 52302 523013
0105 25_86 19 north 1 41649 83298 832977
0106 25_87 20 north 1 23482 46963 469627
0107 25_88_0 15 north 1 22375 44749 447483
0108 25_89 19 north 1 42522 85043 850419
0109 25_90 9 north 1 36729 73458 734569
0110 25_96 21 north 1 26104 52207 522064
0111 25_99 18 north 1 22416 44831 448301
0112 2_13 36 north 1 17736 35470 354693
0113 2_21 32 north 1 17814 35628 356280
0114 2_3 6 south 1 18597 37192 371911
0115 2_31 49 south 1 17918 35835 358343
0116 2_54 43 north 1 18381 36762 367618
0117 2_58 46 north 1 19590 39180 391786
0118 2_59 46 north 1 18780 37560 375589
0119 2_80 28 north 1 17907 35813 358121
0120 2_85 47 north 1 18500 36999 369988
0121 3_1 58 south 1 18405 36810 368097
0122 3_10 52 south 1 18371 36741 367398
0123 3_100 36 south 1 18816 37632 376315
0124 3_108 51 south 1 18008 36015 360141
0125 3_11 52 south 1 18347 36693 366920
0126 3_120 22 south 1 17853 35706 357060
0127 3_16 53 south 1 17893 35785 357846
0128 3_18 54 south 1 18826 37651 376506
0129 3_42 51 north 1 18184 36368 363672
0130 3_45 5 north 1 18805 37609 376083
0131 3_56 43 north 1 19138 38276 382755
0132 3_60 42 north 1 19291 38581 385803
0133 3_66 46 north 1 19295 38589 385884
0134 3_67 46 north 1 19252 38504 385033
0135 3_68 43 north 1 18691 37381 373806
0136 3_69 43 north 1 19189 38377 383763
0137 3_7 51 south 1 18443 36885 368839
0138 3_70 45 north 1 19086 38172 381710
0139 3_71 46 north 1 19200 38400 383988
0140 3_86 46 north 1 18512 37023 370220
0141 3_94 24 south 1 17858 35715 357139
0142 3_96 23 south 1 17803 35605 356043
0143 4_12 34 south 1 19016 38031 380296
0144 4_18 42 north 1 19524 39048 390467
0145 4_19 42 north 1 19332 38663 386621
0146 4_23 12 north 1 18539 37077 370767
0147 4_34 15 south 1 17764 35528 355274
0148 4_6_8de8c00c_31f2_4b63_b77e_edfcf941b626 50 south 1 19571 39141 391402
0149 4_7 54 south 1 20517 41034 410337
0150 5_9 34 south 1 22050 44098 440976
0151 6_1 49 south 1 19770 39539 395385
0152 6_38_1dc122ad_b67e_4478_bdce_f9c7449c5473 35 south 1 18230 36459 364578
0153 6_60 40 north 1 20696 41391 413907
0154 6_7 54 south 1 19832 39663 396617
0155 6_79 43 north 1 18612 37224 372235
0156 6_8 49 south 1 19664 39327 393270
0157 6_80 43 north 1 19138 38276 382755
0158 6_86 14 north 1 19090 38180 381793
0159 6_88_0db49c89_56dc_46ae_800a_a9974d26b05b 38 north 1 17712 35422 354218
0160 6_91 43 north 1 18322 36644 366435
0161 7_35 32 north 1 21311 42621 426208
0162 7_36_b80a024b_4f67_4bdd_b612_dafa46455008 13 north 1 23262 46524 465237
0163 7_38 13 north 1 22261 44521 445203
0164 7_4 19 south 1 23162 46323 463225
0165 7_46 12 north 1 22490 44979 449776
0166 7_49 12 north 1 18801 37601 376005
0167 7_53 12 north 1 25685 51369 513687
0168 7_7 54 south 1 20656 41311 413106
0169 8_27 42 north 1 21816 43631 436305
0170 8_36 34 north 1 21917 43833 438321
0171 8_49 10 north 1 20034 40066 400653
0172 8_51 10 north 1 30278 60555 605546
0173 8_53 10 north 1 24254 48507 485067
0174 8_54 10 north 1 24354 48708 487077
