0001 11_10_6ce9c345_733d_482e_bfb1_295e01aee87c 20 south 15 30263 60524 605232
0002 11_10_83f566d8_e68e_4ddb_864b_ee4796c8d874 20 south 15 30505 61010 610099
0003 11_13_ae54e186_eecd_44bd_a742_0e0b03db4fb4_1 35 south 15 30987 61973 619723
0004 11_25_0 49 north 15 33248 66494 664927
0005 14_104 38 north 15 43475 86950 869494
0006 14_18 18 south 15 30489 60977 609762
0007 14_184 33 north 15 42983 85964 859630
0008 1_100_d908889e_0917_4b8c_9088_d8cf1f35fc08_0 20 south 15 29659 59318 593170
0009 1_54_0 15 north 15 31120 62239 622382
0010 21_8 45 north 15 53490 106980 1069792
0011 25_102_1a23c5b2_7ba1_444f_86ba_63d63dd8f376_0ca78323_acc6_4366_a1bc_eeb850696686 39 north 15 60152 120302 1203002
0012 25_124_0 43 north 15 44394 88787 887852
0013 25_138_3 47 north 15 51264 102527 1025258
0014 2_12_0 36 south 15 29502 59003 590023
0015 2_78_fe8879ad_4c13_4ecf_8485_b39902a9fe56_0 22 south 15 29529 59058 590568
0016 3_64_7aace021_f86e_4f97_88ab_e6a633c347fb_0 44 north 15 33045 66089 660888
0017 3_64_b970851c_3f45_45ff_84f3_590e25f81f1b 43 north 15 30614 61228 612268
0018 3_85_59df0f02_e42a_4edb_ab90_24e379afec10 47 north 15 33737 67472 674703
0019 3_91_b1b11040_69bf_4bdd_9a2d_d03ebd8d8587 20 south 15 30019 60037 600362
0020 5_47_11ad9d37_c990_4acd_b755_6fdd50abccb6 41 north 15 32455 64910 649090
0021 6_23 17 south 15 29793 59584 595827
0022 6_37 36 south 15 31542 63082 630813
0023 7_36_552d6d2f_6eb9_444e_8b19_9f6c1a10c0f9 13 north 15 31960 63919 639184
0024 7_64 37 north 15 32390 64780 647793
0025 7_79 12 north 15 54329 108657 1086557
0026 8_48_0ff8f623_07bb_4649_ae7a_3016549f3783 10 north 15 40050 80099 800980
0027 17_26_9fb3f4a6_3a07_4194_9cdc_37113336b544_3 8 north 14 99175 198350 1983494
0028 25_102_1a23c5b2_7ba1_444f_86ba_63d63dd8f376_f6860f78_0c98_4d7e_acb0_a58b9c2311bc 40 north 14 67218 134434 1344328
0029 2_42 54 south 14 30060 60119 601187
0030 3_54 18 north 14 32159 64318 643175
0031 5_1_253e29bb_7cf1_46a3_88ed_1d39d1ab75bd 19 south 14 40059 80117 801153
0032 7_94_0fd192dc_9710_4963_87c2_2339858c99a5 49 north 14 64499 128998 1289969
0033 14_21 17 south 13 29597 59193 591922
0034 1_21_0 24 south 13 29855 59710 597092
0035 1_24 55 south 13 29605 59209 592078
0036 3_64_136cc7c4_eacc_4876_8faf_6fe8819176f1 44 north 13 29919 59838 598369
0037 7_94_47cc0ea1_aacf_4cd7_9ba0_69279cc70c40 39 north 13 41667 83333 833317
0038 11_13_1677fe39_95a5_4ab5_8d1f_9bf019f69eb5_0 36 south 12 30018 60034 600337
0039 11_8_0 36 south 12 29575 59149 591478
0040 14_186 35 north 12 38014 76028 760273
0041 14_67 35 south 12 31315 62630 626293
0042 14_88 47 north 12 32122 64243 642422
0043 14_96 43 north 12 37774 75547 755453
0044 17_26_e5256063_e36d_47aa_8cc6_6e89798661bc_0 7 north 12 80679 161357 1613557
0045 1_100_28fc30dc_5b6e_4790_bbbd_99863d6ca107 20 north 12 29679 59358 593574
0046 1_69 51 north 12 30772 61542 615410
0047 1_70_0 51 north 12 30134 60268 602672
0048 21_6_0 15 north 12 60402 120803 1208019
0049 25_102_1a23c5b2_7ba1_444f_86ba_63d63dd8f376_69881424_343c_4982_8e73_2e9b720a2ebc 38 north 12 57799 115597 1155952
0050 25_108 11 north 12 35972 71942 719409
0051 25_123 30 north 12 41490 82979 829779
0052 25_128 45 north 12 50063 100125 1001244
0053 25_44_ca561f9d_4419_455d_85f3_2da24f48e757 19 north 12 62228 124454 1244527
0054 2_1 38 south 12 30023 60044 600429
0055 2_78_9800ad25_e4b4_4c85_8213_0d188f65ae09 19 north 12 29498 58994 589929
0056 2_78_ea9a69f6_9e4e_48b1_a53a_03e804fbb4da_1 21 north 12 29690 59380 593800
0057 2_87_2bf404ca_47e2_4bef_9a28_d5e532d872f5 32 north 12 29718 59435 594347
0058 3_115 49 south 12 29887 59772 597704
0059 3_64_20975854_619a_4ed7_8a0f_705c9ad87cda_0 43 north 12 30289 60578 605774
0060 4_10 36 south 12 31189 62377 623760
0061 4_13 52 south 12 30910 61819 618180
0062 5_17 46 north 12 34478 68955 689547
0063 5_44 12 north 12 35545 71089 710883
0064 5_54 33 north 12 35328 70655 706540
0065 5_56 13 north 12 36265 72530 725294
0066 6_38_706a595d_3a3a_4c54_9edc_238cd2ddd958 34 south 12 32034 64068 640668
0067 6_38_768106dc_4b37_49a5_a9af_0c0fd0d5d72c 36 south 12 33359 66718 667165
0068 6_40 23 south 12 30767 61533 615319
0069 6_5 34 south 12 36535 73069 730679
0070 6_77 13 north 12 32810 65620 656197
0071 6_88_17c7f139_d1f7_4f7d_8131_43f679e8f995 36 north 12 30205 60409 604080
0072 6_88_41246399_f35c_4c45_8c2f_55d70f928bff 30 north 12 30600 61199 611984
0073 7_24 33 south 12 34898 69795 697945
0074 7_36_15db08d6_bbdb_4d5f_9a82_7f64ae1abadb 13 north 12 33057 66113 661120
0075 7_36_49e52633_d2c5_4a10_ad20_dede9fe7f1c1 11 north 12 39197 78392 783909
0076 7_37 12 north 12 35545 71089 710883
0077 7_41 12 north 12 37278 74555 745542
0078 7_94_0d95852b_822c_4743_800c_5e961b27e5dc_0 45 north 12 38559 77118 771175
0079 7_94_919e3a42_7bfe_4deb_a3f5_85e3d0ecbb53 47 north 12 37653 75304 753033
0080 7_94_a80890ac_f7f4_4678_92d5_120a90cb3ab9 48 north 12 43618 87235 872340
0081 7_94_bb6f1329_2eb7_4c6a_90fd_1b3f1efb4cd7_0_d22f1d4e_cb4b_4611_abc3_19e259fed790 43 north 12 61704 123407 1234063
0082 7_94_c65a19ba_1ff6_46ee_ba2f_e134e24fdfdf 41 north 12 39582 79163 791619
0083 8_16 42 north 12 32674 65348 653473
0084 8_25 17 south 12 29659 59317 593158
0085 8_43 36 north 12 46309 92617 926157
0086 8_48_3ec208e0_281b_4b47_a676_04c0279f2732 10 north 12 33640 67279 672782
0087 14_119 32 north 11 78042 156083 1560818
0088 14_14 38 south 11 30343 60684 606832
0089 14_172 8 north 11 47828 95654 956532
0090 14_197_9bba0977_8479_443c_8aee_bde0d21f2228_0 14 north 11 32760 65520 655192
0091 14_77 14 north 11 30655 61310 613094
0092 1_4 58 south 11 32079 64158 641565
0093 2_30 49 south 11 29897 59792 597904
0094 3_103 51 south 11 30085 60170 601692
0095 3_48_6ba598f2_1a29_4987_93af_efae1c665331 14 north 11 31960 63919 639177
0096 3_64_e3d88418_d39a_49b4_ae4e_1fc1681e9dcf 43 north 11 30628 61254 612529
0097 3_77_2 44 north 11 29872 59742 597412
0098 6_41 14 north 11 31168 62334 623334
0099 8_2_0 54 south 11 35205 70409 704080
0100 8_3 53 south 11 33858 67714 677138
0101 8_75 33 north 11 41834 83667 836663
0102 1_11 39 south 10 30118 60234 602330
0103 1_118 51 north 10 29455 58909 589084
0104 21_10_470542e8_3fb3_4ae0_a1bb_eca028bd735d 47 north 10 57479 114957 1149563
0105 25_102_65683978_0097_44b5_97ce_5877ae668bde 56 north 10 90392 180783 1807823
0106 5_30 42 north 10 45993 91984 919830
0107 6_35 20 south 10 30274 60548 605468
0108 6_57 34 north 10 37549 75097 750955
0109 11_1 55 south 9 31828 63655 636540
0110 11_12_57e9630c_540c_424a_a7f3_57d00f405fd1 19 south 9 30612 61222 612207
0111 11_17 15 north 9 30452 60902 609007
0112 11_29 12 north 9 33049 66098 660968
0113 14_23 17 south 9 29555 59110 591095
0114 14_75 19 north 9 29950 59899 598977
0115 14_87 51 north 9 31004 62008 620072
0116 1_18 19 south 9 30410 60820 608194
0117 21_14 49 north 9 38609 77217 772163
0118 21_19 43 north 9 35739 71478 714768
0119 21_7 47 north 9 45800 91599 915985
0120 25_102_1a23c5b2_7ba1_444f_86ba_63d63dd8f376_088e79fe_bcfe_48e3_b9ef_96ed72c1d93d 42 north 9 41165 82330 823297
0121 25_102_27fed9e4_cdab_4f90_99b2_cfda162ec18c 33 north 9 79458 158914 1589132
0122 25_120 20 north 9 53268 106535 1065340
0123 25_131 53 north 9 41458 82914 829127
0124 25_21_0 5 north 9 59537 119072 1190703
0125 25_23_0 32 north 9 51810 103620 1036193
0126 25_3 50 north 9 35969 71937 719352
0127 25_44_1ec30c39_3c40_4e50_ac61_9f8a821769bd 7 north 9 74442 148882 1488807
0128 25_44_2aec770e_d59c_43bb_b1a6_6bb27f90f398_9ea6a69d_685b_4565_9c90_706355628805_0 13 north 9 76437 152873 1528724
0129 2_19 18 north 9 29673 59345 593443
0130 2_51 14 north 9 32472 64942 649405
0131 2_53 45 north 9 31408 62814 628135
0132 2_7 55 south 9 29808 59614 596135
0133 2_96 18 north 9 29900 59799 597980
0134 3_62_0 14 north 9 31934 63867 638662
0135 3_74 17 north 9 29934 59867 598660
0136 3_75 17 north 9 29858 59714 597129
0137 3_87_b89ba06e_6eab_440a_a9d3_33b67ec010c1_0 32 north 9 29744 59487 594852
0138 4_11 34 south 9 31635 63269 632678
0139 4_38 37 south 9 29698 59395 593944
0140 4_4 36 south 9 29883 59764 597632
0141 5_19 45 north 9 33950 67899 678978
0142 5_21 13 north 9 31502 63002 630012
0143 5_40 11 north 9 37382 74763 747620
0144 5_43 10 north 9 41064 82127 821260
0145 5_59 37 north 9 33242 66482 664802
0146 6_21 18 south 9 29642 59282 592803
0147 6_38_0015ce2d_f61c_423f_b85c_eba18299daef 33 south 9 32793 65585 655849
0148 6_63 11 north 9 35229 70458 704567
0149 7_69 36 north 9 35082 70163 701615
0150 7_89_0 38 north 9 38142 76282 762809
0151 7_93_0 30 north 9 34677 69353 693514
0152 7_94_a246bfd1_6246_4d86_85b8_95e60b75e492 48 north 9 46447 92893 928914
0153 7_94_f347f193_0f9f_452c_b3db_d5d1f356faba_0 49 north 9 31994 63988 639864
0154 8_26 42 north 9 36279 72558 725573
0155 8_29 11 north 9 43550 87099 870987
0156 8_69 12 north 9 38410 76820 768200
0157 8_72_0 30 north 9 34677 69353 693514
0158 14_159 8 north 8 41050 82099 820985
0159 14_165 8 north 8 45505 91010 910094
0160 14_19 17 south 8 29772 59542 595410
0161 14_65 34 south 8 40962 81922 819210
0162 17_12 42 north 8 40660 81319 813187
0163 17_25_1 18 north 8 60905 121810 1218095
0164 17_50_af1162f3_cde7_4f99_9e9e_895ef152763a 10 north 8 30484 60967 609659
0165 1_0 23 south 8 31767 63533 635319
0166 1_1 38 south 8 30095 60189 601888
0167 1_74_ad63bf00_8410_44ca_91c7_f67f473b01ec 53 south 8 29703 59405 594040
0168 1_93 52 south 8 29558 59115 591139
0169 21_11_0 46 north 8 42825 85650 856493
0170 25_102_c8134de7_b38d_4d09_8241_eb8d58f0f6f7_0 32 north 8 55412 110822 1108213
0171 25_130 52 north 8 52822 105643 1056425
0172 25_44_2aec770e_d59c_43bb_b1a6_6bb27f90f398_6296ad33_4aa4_487b_99f3_737a3843e2b4_0 12 north 8 76512 153022 1530213
0173 2_86_0 30 north 8 29754 59507 595063
0174 3_25 54 south 8 30095 60189 601880
0175 3_76_0365aa47_a07f_4b68_9d4d_af6f9bf20101 19 north 8 29534 59067 590655
0176 4_20_cc2574b2_4959_449f_a889_cb9227b83ee0 11 north 8 31479 62957 629559
0177 4_32 18 north 8 30299 60598 605975
0178 5_13_77c609f7_3bbc_4a86_8985_cc9c9a26ee9c 19 south 8 30214 60428 604274
0179 5_20 41 north 8 30972 61942 619402
0180 6_19 18 north 8 30385 60770 607700
0181 6_20 19 north 8 30484 60968 609668
0182 6_24 24 south 8 29710 59420 594189
0183 6_38_e7c7b08a_2a80_43c8_ab07_c45529c4893e 34 south 8 31609 63218 632168
0184 6_46 47 north 8 30555 61109 611083
0185 6_65 32 north 8 40645 81289 812879
0186 6_88_5e63e45b_868b_4cc4_8494_b15770d7e472 38 north 8 29747 59492 594909
0187 7_36_3a709628_a06e_44dd_b3f5_ff6c760dc4db_0 12 north 8 30424 60848 608464
0188 7_36_b9386131_d1c0_4e32_9287_257d1b559350 13 north 8 32764 65528 655274
0189 7_94_678bdbea_75d0_4011_9751_aa36c5cbfb1b 47 north 8 42122 84242 842407
0190 8_40 32 north 8 33865 67730 677294
0191 8_41 33 north 8 39573 79145 791440
0192 8_57 12 north 8 37728 75455 754548
0193 8_59 34 north 8 42290 84579 845783
0194 8_9 51 south 8 42132 84263 842625
0195 14_0 19 south 7 72134 144267 1442663
0196 17_17_0 5 north 7 79989 159978 1599770
0197 1_73_0 44 north 7 29830 59659 596578
0198 25_135 52 north 7 30967 61932 619307
0199 25_44_27eb7045_d303_43ac_b063_d26cf6674bd7 18 north 7 47060 94119 941183
0200 3_83 50 north 7 30062 60123 601215
0201 4_1 19 south 7 30415 60829 608283
0202 8_74_e69e5d65_9664_444e_879f_d9d61885c616 36 north 7 43783 87564 875638
0203 11_12_6c54e54f_9039_4347_a927_270b643527b4 19 south 6 30038 60074 600735
0204 11_13_f247af42_9ab8_4410_a695_5846d748ccfb 33 south 6 30218 60435 604345
0205 11_2 55 south 6 30813 61625 616239
0206 11_20 52 north 6 38778 77554 775533
0207 11_30_6e06378d_1cc5_4d12_8f34_a6b46abaad39 49 north 6 37000 73999 739977
0208 11_31 19 north 6 29838 59674 596734
0209 11_9 17 south 6 29530 59060 590595
0210 14_100 37 north 6 29950 59899 598979
0211 14_108 10 north 6 48564 97128 971272
0212 14_115 7 north 6 82495 164989 1649879
0213 14_16 23 south 6 30675 61350 613497
0214 14_164 32 north 6 52948 105895 1058939
0215 14_183 29 north 6 42782 85562 855603
0216 14_202 18 north 6 39287 78572 785704
0217 14_203 52 north 6 30390 60779 607787
0218 14_205 38 north 6 41618 83234 832335
0219 14_22 36 south 6 29702 59403 594017
0220 14_3 18 south 6 34143 68284 682832
0221 14_61_859e371a_f357_4c6e_ba26_c8eaf79de7de 55 south 6 30097 60192 601913
0222 14_73 36 south 6 30408 60814 608134
0223 14_80 12 north 6 36268 72535 725348
0224 14_84 14 north 6 32222 64442 644403
0225 17_14 49 north 6 45939 91877 918762
0226 17_15 47 north 6 54403 108804 1088037
0227 17_26_9fb3f4a6_3a07_4194_9cdc_37113336b544_0 8 north 6 40125 80250 802500
0228 17_47 35 north 6 46280 92560 925590
0229 17_49 11 north 6 39493 78985 789840
0230 17_5 12 north 6 36030 72060 720597
0231 1_102_1 36 south 6 29533 59065 590649
0232 1_106 52 south 6 29754 59507 595059
0233 1_107 52 north 6 29754 59507 595062
0234 1_20 39 south 6 29915 59830 598294
0235 1_47 51 north 6 29900 59799 597988
0236 1_48 51 north 6 29965 59930 599295
0237 1_49 29 north 6 29699 59397 593958
0238 1_53 47 north 6 29872 59743 597419
0239 1_62 14 north 6 31644 63287 632859
0240 1_64 19 north 6 32202 64402 644005
0241 1_96 48 south 6 29652 59302 593009
0242 21_10_37aedaf1_98f5_4593_a206_70eb1e2b7286 50 north 6 38774 77547 775454
0243 21_18 44 north 6 46279 92558 925568
0244 21_1_0 14 north 6 36244 72488 724869
0245 21_5_1 13 north 6 44023 88045 880450
0246 25_102_0814cbe8_cf8f_487f_9601_10694c5a73d4 34 north 6 114240 228480 2284795
0247 25_102_7518de3a_25c4_4ca3_b736_5ed0e4c79e4e_53c57c2e_abb2_44ea_bb57_16d8c7956804 43 north 6 42577 85153 851518
0248 25_102_c8134de7_b38d_4d09_8241_eb8d58f0f6f7_5 31 north 6 51702 103403 1034024
0249 25_103 12 north 6 37823 75644 756438
0250 25_109_2 12 north 6 40135 80270 802698
0251 25_110 36 north 6 47272 94542 945409
0252 25_134 52 north 6 33685 67369 673687
0253 25_137 10 north 6 62523 125044 1250428
0254 25_17 17 north 6 61749 123498 1234974
0255 25_44_494082be_0133_416f_85c7_587be1d61811 12 north 6 31554 63108 631073
0256 25_44_65b5f701_3c47_4d9c_8e2b_9ab77f60ed98_0 6 north 6 109812 219622 2196207
0257 25_44_890e8ce0_33fc_4468_943a_2f1a4b488598 12 north 6 36718 73435 734340
0258 25_44_ac2537fb_47e9_44e7_a35f_0c7200f14575 19 north 6 50917 101833 1018319
0259 25_44_b295be93_14c8_4157_9909_9a8d252a42bd 12 north 6 31490 62980 629799
0260 25_44_d2cb6617_4b6e_4ded_9566_34502d7fdc97 12 north 6 33100 66200 661995
0261 2_0 21 south 6 30398 60794 607934
0262 2_16 33 south 6 29560 59119 591180
0263 2_27 50 south 6 29710 59419 594177
0264 2_28 48 south 6 29747 59492 594909
0265 2_39 55 south 6 30212 60423 604218
0266 2_4 55 south 6 30252 60503 605015
0267 2_6 54 south 6 29928 59854 598535
0268 2_60_0 16 north 6 30774 61547 615458
0269 2_68 19 north 6 32298 64594 645930
0270 2_74 51 north 6 30027 60053 600519
0271 2_76 51 north 6 30164 60327 603259
0272 2_78_5abcc80c_64d6_4e48_b6e1_4660c23e6ec3 21 south 6 29807 59612 596113
0273 2_78_aa6a2689_fd76_40f9_89cc_3ef6b83212dc 20 north 6 29810 59619 596187
0274 2_87_35452e35_e3d8_4db7_beef_1693b570c863 32 north 6 29542 59083 590819
0275 2_87_776cdef2_1976_4886_81d1_a5afdb2438c0 35 north 6 29473 58944 589433
0276 2_94 17 north 6 30025 60049 600485
0277 3_105 50 south 6 30008 60015 600150
0278 3_23 55 south 6 30304 60607 606054
0279 3_28 53 south 6 29845 59689 596885
0280 3_36 18 north 6 29647 59293 592914
0281 3_3_0 23 south 6 32419 64837 648353
0282 3_64_48fbb8e3_01ce_4cea_acb8_bb8a2e5a7118_0 43 north 6 30322 60643 606420
0283 3_64_99c072fc_c204_46eb_8121_3be780e10b11 43 north 6 29878 59755 597545
0284 3_87_d58a8165_04e0_4136_a513_5a3998122465_0 30 north 6 29664 59327 593252
0285 4_16_0 36 north 6 29644 59288 592868
0286 4_33 15 south 6 29684 59367 593658
0287 4_35 18 south 6 29629 59257 592563
0288 5_0 19 south 6 50003 100004 1000027
0289 5_15 13 north 6 36407 72813 728117
0290 5_32 38 north 6 39627 79252 792502
0291 5_33 11 north 6 37568 75135 751349
0292 5_34 10 north 6 34413 68824 688232
0293 5_42 43 north 6 41988 83975 839750
0294 5_45 11 north 6 40287 80572 805708
0295 5_51 30 north 6 37618 75234 752337
0296 5_6 17 south 6 29815 59630 596292
0297 5_60_be257e4d_7e13_4ad4_b12f_987d0b717047 45 north 6 39307 78613 786115
0298 6_29 17 south 6 29807 59613 596115
0299 6_38_1e021cbd_6dcf_49f4_a131_73e03c120975 34 south 6 31022 62042 620413
0300 6_39 35 south 6 31137 62272 622712
0301 6_4 54 south 6 34412 68822 688205
0302 6_51 11 north 6 33209 66418 664170
0303 6_55 11 north 6 33319 66638 666372
0304 6_61 33 north 6 34933 69865 698639
0305 6_68 36 north 6 39525 79049 790479
0306 6_76 15 north 6 32787 65573 655723
0307 7_14 17 south 6 29795 59589 595885
0308 7_15 18 south 6 29644 59287 592859
0309 7_23 19 south 6 36332 72662 726610
0310 7_26 33 south 6 31537 63072 630705
0311 7_30 10 north 6 51024 102048 1020469
0312 7_32 42 north 6 69387 138772 1387712
0313 7_33 43 north 6 60887 121772 1217702
0314 7_47 11 north 6 37568 75135 751349
0315 7_50 11 north 6 40287 80572 805708
0316 7_58 43 north 6 35684 71367 713653
0317 7_59 43 north 6 41549 83098 830975
0318 7_60 11 north 6 37418 74835 748339
0319 7_63 33 north 6 37399 74798 747964
0320 7_65 47 north 6 34420 68839 688380
0321 7_70 29 north 6 32718 65434 654330
0322 7_74 12 north 6 53187 106373 1063719
0323 7_91_0 34 north 6 35640 71279 712782
0324 7_94_42d82898_a94d_476c_9f14_8a1a4d1490c7 44 north 6 31325 62650 626498
0325 7_94_9dc42f30_c775_4cb3_a4ab_435443c37527 42 north 6 37703 75405 754049
0326 7_94_c65b0a8d_c3e7_4a8e_9479_7852723ca6b0 42 north 6 39960 79919 799185
0327 8_10 34 south 6 32827 65653 656522
0328 8_21 42 north 6 35305 70610 706098
0329 8_23 36 south 6 29618 59234 592333
0330 8_32 33 north 6 47459 94918 949174
0331 8_39 36 north 6 37694 75388 753867
0332 8_44 34 north 6 46364 92727 927253
0333 8_47 32 north 6 33815 67629 676284
0334 8_6_0 54 south 6 31199 62398 623970
0335 8_78 34 north 6 44032 88062 880608
0336 11_28 49 north 5 32838 65674 656738
0337 17_20 56 north 5 82052 164103 1641018
0338 17_50_a8189c3b_6ffa_49a1_8081_52865de41280 11 north 5 58684 117368 1173668
0339 1_23 56 south 5 29758 59515 595142
0340 25_102_a2771995_66e3_4e82_bc63_03e7dea67e0b 36 north 5 56362 112723 1127219
0341 25_102_d018e04f_a790_4963_9cfc_3062fe4c8e18_c5d2950f_1de1_4878_9855_cff54e57745b 33 north 5 81967 163933 1639318
0342 25_119 20 north 5 61588 123175 1231747
0343 25_44_7177d04a_fc20_4ba5_b202_ddd7ca233c5a 16 north 5 69015 138029 1380282
0344 2_26 48 south 5 29819 59637 596363
0345 2_43 25 south 5 29832 59663 596625
0346 2_71 49 north 5 31143 62285 622844
0347 3_22 55 south 5 31667 63333 633319
0348 8_4 53 south 5 42723 85445 854445
0349 11_10_2617e02d_9e14_458a_b2f7_9151c5d9ad8e 19 south 4 36954 73907 739063
0350 11_14 36 south 4 30914 61827 618260
0351 11_18 51 north 4 30693 61384 613829
0352 11_19 43 north 4 31953 63904 639037
0353 11_21 48 north 4 33204 66408 664074
0354 11_22 54 north 4 34194 68387 683852
0355 11_26 50 north 4 31373 62744 627438
0356 11_27 50 north 4 31952 63903 639025
0357 11_5 55 south 4 31004 62007 620053
0358 14_10 59 south 4 35648 71295 712940
0359 14_103 38 north 4 35590 71179 711779
0360 14_105 10 north 4 41720 83440 834390
0361 14_106 33 north 4 49203 98405 984039
0362 14_107 33 north 4 47788 95575 955747
0363 14_111 2 north 4 50909 101817 1018160
0364 14_113 10 north 4 40324 80648 806469
0365 14_114 30 north 4 71294 142587 1425853
0366 14_116 29 north 4 53338 106674 1066729
0367 14_120 8 north 4 56183 112365 1123650
0368 14_13 55 south 4 34709 69417 694160
0369 14_149 30 north 4 43162 86322 863213
0370 14_157 32 north 4 38745 77490 774894
0371 14_158 9 north 4 46580 93159 931585
0372 14_162 9 north 4 59273 118544 1185427
0373 14_175 30 north 4 39750 79499 794978
0374 14_187 36 north 4 53590 107179 1071782
0375 14_188 36 north 4 46245 92489 924882
0376 14_194 52 north 4 35495 70989 709884
0377 14_195 52 north 4 36603 73205 732039
0378 14_197_7475ed65_951e_4125_acf9_07a9ea16d729 17 north 4 30087 60172 601702
0379 14_198 13 north 4 34720 69439 694378
0380 14_2 58 south 4 40140 80279 802782
0381 14_20 37 south 4 29732 59463 594619
0382 14_204 53 north 4 38892 77782 777807
0383 14_27 18 south 4 53922 107843 1078415
0384 14_31 18 south 4 37865 75730 757299
0385 14_34 18 south 4 58550 117100 1170995
0386 14_42 18 south 4 55308 110615 1106140
0387 14_63 19 south 4 32813 65625 656245
0388 14_64 34 south 4 35077 70153 701525
0389 14_66 35 south 4 34612 69223 692222
0390 14_81 53 north 4 39334 78668 786669
0391 14_83 14 north 4 30607 61213 612118
0392 14_99 44 north 4 29840 59680 596800
0393 17_0 19 south 4 36773 73544 735434
0394 17_1 19 south 4 36207 72412 724103
0395 17_13_0 44 north 4 47192 94383 943817
0396 17_38 11 north 4 38862 77723 777214
0397 17_4 44 north 4 35028 70055 700549
0398 17_44 37 north 4 39162 78322 783204
0399 17_45 12 north 4 33505 67010 670100
0400 17_46 30 north 4 38909 77818 778172
0401 17_48 44 north 4 43099 86198 861973
0402 17_6 42 north 4 37757 75512 755105
0403 17_9 12 north 4 38528 77054 770529
0404 1_101 53 south 4 29530 59060 590594
0405 1_102_3 36 south 4 29585 59169 591684
0406 1_104 52 south 4 29524 59047 590457
0407 1_109 32 north 4 29737 59473 594722
0408 1_122 49 north 4 29663 59324 593229
0409 1_15 57 south 4 29958 59914 599132
0410 1_17 57 south 4 29872 59743 597425
0411 1_25 56 south 4 29773 59544 595427
0412 1_26 56 south 4 29594 59188 591867
0413 1_28 55 south 4 29512 59022 590203
0414 1_30 49 south 4 29892 59782 597809
0415 1_31 57 south 4 29948 59894 598934
0416 1_36 57 south 4 29823 59645 596443
0417 1_38 49 south 4 29939 59877 598754
0418 1_42 51 north 4 30325 60650 606499
0419 1_43 51 north 4 30229 60457 604562
0420 1_44 51 north 4 29942 59883 598823
0421 1_46 51 north 4 30130 60260 602589
0422 1_56 19 north 4 31823 63645 636439
0423 1_57 19 north 4 31944 63888 638874
0424 1_6 60 south 4 31409 62817 628160
0425 1_60 14 north 4 31707 63412 634104
0426 1_66 17 north 4 30608 61214 612138
0427 1_77 53 south 4 29629 59257 592555
0428 1_8 58 south 4 30415 60829 608284
0429 1_9 60 south 4 31290 62580 625799
0430 1_91 47 south 4 29692 59382 593807
0431 1_97 52 south 4 29572 59142 591403
0432 21_10_331b2346_c52f_40ca_b575_5f6ff45d6fde_2 46 north 4 49047 98093 980922
0433 21_15 49 north 4 44977 89953 899525
0434 21_17 44 north 4 48432 96863 968619
0435 21_4 13 north 4 53313 106624 1066229
0436 25_0 47 north 4 36017 72032 720312
0437 25_102_4ec0184c_01a7_4b6c_b2b7_72f20b8bb02d 38 north 4 43257 86513 865115
0438 25_102_a542909d_75d3_443a_9ad6_ecc5287fc105 38 north 4 36245 72489 724885
0439 25_102_d24a37b0_476e_4a0c_820b_d270b38a4a04 31 north 4 51299 102597 1025963
0440 25_104 53 north 4 37239 74477 744755
0441 25_105 43 north 4 37142 74283 742825
0442 25_116 55 north 4 48154 96307 963063
0443 25_121 12 north 4 41798 83595 835950
0444 25_125 53 north 4 40537 81073 810718
0445 25_139 32 north 4 48120 96240 962389
0446 25_14 53 north 4 47832 95662 956603
0447 25_18 17 north 4 50483 100964 1009634
0448 25_19 32 north 4 52563 105124 1051234
0449 25_2 51 north 4 33435 66869 668683
0450 25_20 32 north 4 71467 142932 1429304
0451 25_22_0 17 north 4 60487 120973 1209723
0452 25_27 34 north 4 53100 106200 1061994
0453 25_31 5 north 4 72115 144230 1442300
0454 25_4 43 north 4 35357 70712 707104
0455 25_44_17df0456_c1ca_4209_94b4_413551568201 10 north 4 50293 100585 1005849
0456 25_44_43d1691a_db32_41b9_b723_d759dce27743 12 north 4 35704 71407 714055
0457 25_44_4f59bb10_db39_465d_8be9_7e891c3fea17 9 north 4 46642 93282 932807
0458 25_44_a05f2791_118b_454d_a4b6_dcf9a1aab53a_0 12 north 4 35367 70732 707309
0459 25_48 9 north 4 57907 115812 1158110
0460 25_57 21 north 4 43739 87477 874759
0461 25_6 52 north 4 35495 70989 709884
0462 25_74 13 north 4 37280 74560 745597
0463 25_8 58 north 4 74897 149793 1497922
0464 2_101 50 north 4 30020 60039 600379
0465 2_11 51 south 4 29702 59402 594003
0466 2_14 37 south 4 29673 59344 593427
0467 2_15 48 south 4 29474 58947 589463
0468 2_17 50 south 4 29580 59160 591599
0469 2_18 50 north 4 29540 59079 590777
0470 2_22 51 south 4 29790 59579 595779
0471 2_25 37 south 4 29740 59479 594777
0472 2_36 36 south 4 30049 60098 600969
0473 2_37 55 south 4 29995 59990 599895
0474 2_46 49 south 4 29913 59824 598230
0475 2_48 51 north 4 30232 60463 604622
0476 2_49 51 north 4 30335 60669 606683
0477 2_5 55 south 4 30302 60602 606004
0478 2_55 46 north 4 31269 62537 625362
0479 2_62 16 north 4 30308 60614 606134
0480 2_69 18 north 4 32023 64044 640434
0481 2_72 16 north 4 30125 60249 602484
0482 2_73 19 north 4 30213 60425 604249
0483 2_75 20 north 4 30100 60199 601987
0484 2_78_6b7784d6_25c2_4ef3_a3ea_59db53604105 19 north 4 29544 59088 590869
0485 2_87_7488ec2c_0715_4394_bae8_c241d5830a08 35 north 4 29620 59239 592377
0486 2_89 51 north 4 29897 59793 597915
0487 2_90 21 north 4 29760 59519 595183
0488 2_95_0 17 north 4 30115 60230 602294
0489 2_99 51 north 4 30077 60152 601512
0490 3_0 58 south 4 32693 65385 653844
0491 3_102 50 south 4 30067 60132 601307
0492 3_110 51 south 4 29785 59569 595685
0493 3_111 49 south 4 29813 59624 596232
0494 3_114 49 south 4 29880 59760 597598
0495 3_117 51 south 4 29590 59180 591797
0496 3_13 54 south 4 30275 60549 605485
0497 3_17 55 south 4 31589 63177 631753
0498 3_30 51 south 4 29514 59027 590260
0499 3_31 51 south 4 29867 59732 597304
0500 3_34 50 south 4 29688 59375 593745
0501 3_38 51 north 4 29848 59695 596939
0502 3_40 51 north 4 31510 63020 630198
0503 3_44 5 north 4 30743 61484 614833
0504 3_50 18 north 4 31865 63730 637290
0505 3_52_0 14 north 4 30993 61985 619843
0506 3_53 49 north 4 31104 62207 622057
0507 3_58_0 17 north 4 31648 63294 632933
0508 3_64_330d9af4_88c8_4472_b71b_59355a13d491 45 north 4 33538 67075 670740
0509 3_78 18 north 4 29892 59783 597823
0510 3_79 51 north 4 30120 60239 602385
0511 3_80 51 north 4 30289 60577 605755
0512 3_91_66595f4a_964f_42bb_b33e_e78abc2f43a1 23 south 4 29845 59690 596897
0513 3_93 24 south 4 29722 59443 594419
0514 3_99 36 south 4 31164 62328 623268
0515 4_0 34 south 4 36197 72392 723909
0516 4_24_0 12 north 4 31660 63320 633199
0517 4_29 14 north 4 31144 62287 622857
0518 4_3 24 south 4 30077 60152 601512
0519 4_31_0 19 north 4 30183 60365 603643
0520 4_6_bb3ed88d_6b7c_45b0_9659_70fcf2f622c0 49 south 4 31094 62187 621858
0521 4_9 38 south 4 31594 63187 631852
0522 5_11 35 south 4 37969 75938 759369
0523 5_2 54 south 4 35749 71497 714962
0524 5_23 13 north 4 37645 75290 752897
0525 5_28_0 10 north 4 42329 84658 846573
0526 5_31 11 north 4 35343 70684 706830
0527 5_36 30 north 4 40917 81833 818315
0528 5_39 30 north 4 43163 86325 863243
0529 5_5 35 south 4 31622 63243 632414
0530 5_52 13 north 4 35352 70703 707025
0531 5_53 13 north 4 33759 67518 675172
0532 5_55 13 north 4 39384 78768 787672
0533 5_60_999bfa04_9265_44ac_b688_ea7d98e5a2b8 44 north 4 34550 69100 690998
0534 5_7 18 south 4 29587 59172 591707
0535 5_8_0 18 north 4 29804 59607 596063
0536 6_0 52 south 4 34099 68198 681964
0537 6_14 23 south 4 30807 61612 616105
0538 6_15 17 north 4 29793 59584 595834
0539 6_16 18 north 4 29865 59729 597277
0540 6_2 51 south 4 32109 64218 642164
0541 6_28 24 south 4 29722 59443 594419
0542 6_34 36 south 4 33257 66512 665102
0543 6_36 36 south 4 31164 62328 623268
0544 6_43 14 north 4 30303 60605 606048
0545 6_44 13 north 4 30355 60709 607084
0546 6_45 18 north 4 32553 65104 651033
0547 6_47 13 north 4 33402 66803 668014
0548 6_50 36 north 4 33583 67164 671629
0549 6_52 32 north 4 43520 87039 870382
0550 6_54 32 north 4 34653 69304 693027
0551 6_58 33 north 4 36354 72708 727069
0552 6_62 36 north 4 35709 71417 714153
0553 6_71 43 north 4 31089 62178 621767
0554 6_73 13 north 4 31025 62050 620489
0555 6_75 13 north 4 32554 65107 651055
0556 6_87 15 north 4 30888 61774 617728
0557 7_0 19 south 4 46653 93304 933035
0558 7_1 19 south 4 62562 125122 1251209
0559 7_12 35 south 4 31237 62473 624719
0560 7_16 18 north 4 29780 59559 595587
0561 7_25 34 south 4 34437 68872 688705
0562 7_27 35 south 4 33057 66112 661107
0563 7_31 44 north 4 45813 91624 916232
0564 7_40 13 north 4 33759 67518 675172
0565 7_43 12 north 4 38037 76072 760709
0566 7_45 13 north 4 37645 75290 752897
0567 7_48 13 north 4 37598 75194 751933
0568 7_51 11 north 4 35343 70684 706830
0569 7_52 13 north 4 39878 79754 797538
0570 7_55 11 north 4 38740 77479 774782
0571 7_57 48 north 4 36329 72657 726558
0572 7_62 11 north 4 33069 66138 661365
0573 7_66 46 north 4 33418 66834 668335
0574 7_71 38 north 4 46663 93324 933233
0575 7_72 36 north 4 50984 101967 1019662
0576 7_75 11 north 4 42552 85102 851009
0577 7_76_0 14 north 4 45252 90503 905018
0578 7_77 47 north 4 55819 111638 1116368
0579 7_78_0 10 north 4 34683 69365 693639
0580 7_8 54 south 4 32062 64123 641217
0581 7_83 11 north 4 39557 79113 791119
0582 7_85 40 north 4 39220 78439 784385
0583 7_90 37 north 4 39272 78543 785419
0584 7_94_046c1e1a_264b_40d3_a236_be9c709122f6 43 north 4 36107 72213 722117
0585 7_94_89e3cea9_cf8f_483c_a868_14183151a10a 38 north 4 42454 84907 849054
0586 8_0_0 18 south 4 57573 115144 1151435
0587 8_0_1 18 south 4 43473 86944 869435
0588 8_1 54 south 4 33102 66203 662014
0589 8_13 18 north 4 29749 59497 594958
0590 8_15 36 north 4 29873 59745 597448
0591 8_17 12 north 4 31705 63409 634087
0592 8_22 43 north 4 35515 71030 710290
0593 8_24 17 south 4 29595 59189 591878
0594 8_28 41 north 4 39249 78498 784969
0595 8_30 10 north 4 39445 78889 788884
0596 8_31 31 north 4 40778 81554 815529
0597 8_33_0 10 north 4 44682 89362 893612
0598 8_37 35 north 4 38553 77105 771045
0599 8_42 39 north 4 36710 73419 734180
0600 8_5 53 south 4 35240 70480 704800
0601 8_55 11 north 4 34154 68307 683053
0602 8_56 12 north 4 34142 68282 682807
0603 8_58 36 north 4 39893 79784 797837
0604 8_60 42 north 4 36112 72222 722208
0605 8_66 12 north 4 32994 65988 659867
0606 8_67 12 north 4 34704 69408 694065
0607 8_77 34 north 4 36777 73552 735508
0608 14_102_0 34 north 3 47679 95357 953558
0609 14_189 31 north 3 55597 111193 1111915
0610 17_21 52 north 3 79653 159305 1593039
0611 1_19 2 south 3 30939 61877 618762
0612 1_22 24 south 3 30352 60702 607002
0613 1_40 16 north 3 30370 60740 607394
0614 1_55 16 north 3 31667 63332 633305
0615 1_59 5 north 3 30865 61730 617295
0616 1_92 52 south 3 29559 59117 591153
0617 21_13 51 north 3 44134 88268 882669
0618 25_114 55 north 3 39358 78714 787134
0619 25_126 44 north 3 54345 108689 1086879
0620 25_13 54 north 3 55677 111353 1113514
0621 25_15 3 north 3 55302 110603 1106020
0622 25_16 3 north 3 69755 139510 1395095
0623 25_44_ddb70efb_8271_45bc_9306_e5e050e895fb_0 14 north 3 39835 79670 796700
0624 25_7 58 north 3 44297 88593 885914
0625 2_38 50 south 3 30150 60300 603000
0626 2_45 50 south 3 29985 59969 599682
0627 2_61 15 north 3 31394 62788 627867
0628 2_63 16 north 3 31598 63194 631930
0629 2_98_0 44 north 3 29909 59817 598163
0630 3_107 51 south 3 30082 60163 601625
0631 3_47 17 north 3 32269 64537 645360
0632 3_87_b6b560a0_7cc5_4ac5_ae90_da821641f94a 33 north 3 29422 58842 588409
0633 4_36 17 south 3 29798 59594 595928
0634 6_42_1 19 north 3 31060 62120 621197
0635 6_88_767a00ca_c72f_4fca_9e77_6a877aa3e43e 38 south 3 29630 59260 592589
0636 6_88_80e90187_b967_44d3_a893_ef1bdb391e3a 30 north 3 30769 61538 615368
0637 7_36_31cfe2a6_1765_407c_8016_83fa4f3a3808 13 north 3 30387 60773 607722
0638 7_61 11 north 3 34452 68903 689024
0639 7_94_846968b1_bcfd_4aed_b3a5_ffe3afeae1df 50 north 3 52009 104018 1040164
0640 7_94_b5826a7a_e1a1_4df0_b128_011f2574f372_0 43 north 3 45774 91548 915472
0641 8_63 35 north 3 34470 68940 689398
0642 8_64 34 north 3 38792 77583 775823
0643 8_74_2b5873c6_805e_4add_afca_7158e226afe0 35 north 3 43593 87185 871848
0644 11_16 43 north 2 30109 60218 602165
0645 11_24 14 north 2 31904 63808 638072
0646 11_7 17 south 2 29783 59564 595627
0647 14_1 18 south 2 47315 94630 946293
0648 14_101_0 18 north 2 45832 91663 916614
0649 14_109 1 north 2 54983 109965 1099647
0650 14_11 60 south 2 36295 72589 725877
0651 14_110 1 north 2 54344 108687 1086862
0652 14_112 2 north 2 57092 114182 1141813
0653 14_117 29 north 2 55434 110867 1108654
0654 14_122 32 north 2 46779 93557 935552
0655 14_130 9 north 2 41697 83393 833924
0656 14_138 9 north 2 59727 119453 1194524
0657 14_141 9 north 2 43030 86060 860600
0658 14_147 29 north 2 43740 87480 874793
0659 14_152 30 north 2 65474 130948 1309468
0660 14_155 30 north 2 44814 89627 896259
0661 14_156 33 north 2 52050 104100 1041000
0662 14_160 9 north 2 54350 108699 1086978
0663 14_163 9 north 2 54955 109909 1099078
0664 14_167 8 north 2 68008 136014 1360127
0665 14_170 8 north 2 69008 138014 1380133
0666 14_173 8 north 2 44365 88730 887292
0667 14_180 31 north 2 32849 65697 656957
0668 14_197_13334784_3aad_4f02_82e3_c8cb9bf88b57 14 north 2 33928 67854 678530
0669 14_199 18 north 2 34520 69040 690398
0670 14_200 54 north 2 36367 72732 727313
0671 14_201 15 north 2 41842 83682 836809
0672 14_25 18 south 2 73522 147043 1470419
0673 14_26 18 south 2 41687 83372 833707
0674 14_28 18 south 2 40903 81805 818039
0675 14_32 18 south 2 42674 85348 853475
0676 14_33 18 south 2 47719 95437 954354
0677 14_35 18 south 2 35917 71833 718320
0678 14_37 18 south 2 40999 81998 819974
0679 14_40 18 south 2 37259 74517 745163
0680 14_41 18 south 2 35782 71563 715617
0681 14_43 18 south 2 34225 68449 684488
0682 14_47 18 south 2 40659 81318 813172
0683 14_5 58 south 2 32810 65619 656178
0684 14_50 18 south 2 39205 78410 784089
0685 14_51 18 south 2 40610 81219 812179
0686 14_56 18 south 2 38980 77960 779590
0687 14_58 18 south 2 42664 85328 853268
0688 14_59 18 south 2 42083 84164 841632
0689 14_6 58 south 2 39522 79042 790404
0690 14_74 36 south 2 30399 60798 607973
0691 14_76 15 north 2 31024 62047 620462
0692 14_79 14 north 2 34102 68202 682012
0693 14_85 43 north 2 33032 66062 660605
0694 14_86 43 north 2 35084 70168 701672
0695 14_92 51 north 2 37969 75938 759365
0696 14_93 51 north 2 34350 68700 686998
0697 14_94 51 north 2 37980 75960 759600
0698 14_95 48 north 2 32757 65513 655119
0699 14_98 18 north 2 29814 59627 596255
0700 17_10 36 north 2 42780 85559 855582
0701 17_16 11 north 2 35858 71714 717128
0702 17_39 11 north 2 44807 89612 896107
0703 17_40 36 north 2 33252 66502 665003
0704 17_7 12 north 2 38034 76068 760674
0705 1_10 55 south 2 30147 60292 602905
0706 1_108 52 north 2 29689 59377 593752
0707 1_112 48 north 2 29527 59052 590510
0708 1_114 48 north 2 29573 59144 591432
0709 1_119 48 north 2 29595 59189 591887
0710 1_120 47 north 2 29670 59339 593377
0711 1_121 46 north 2 29523 59045 590447
0712 1_14 57 south 2 30195 60390 603897
0713 1_16 57 south 2 30169 60338 603365
0714 1_2 40 south 2 32420 64839 648382
0715 1_27 56 south 2 29517 59033 590322
0716 1_29 50 south 2 29939 59877 598752
0717 1_3 58 south 2 31584 63167 631655
0718 1_32 50 south 2 29992 59982 599809
0719 1_33 56 south 2 30100 60200 601997
0720 1_39 19 north 2 30238 60474 604729
0721 1_41 51 north 2 30092 60183 601815
0722 1_45 51 north 2 29799 59598 595973
0723 1_5 40 south 2 31483 62965 629650
0724 1_58 5 north 2 30300 60600 605997
0725 1_61 4 north 2 32920 65839 658378
0726 1_63 18 north 2 31742 63483 634824
0727 1_7 58 south 2 30767 61533 615324
0728 1_71 20 north 2 30382 60763 607623
0729 1_76 54 south 2 29814 59628 596267
0730 1_79 18 north 2 29663 59325 593243
0731 1_82 49 north 2 29645 59290 592893
0732 1_84 50 south 2 29758 59514 595135
0733 1_85 50 south 2 29680 59360 593598
0734 1_88 47 north 2 29628 59254 592529
0735 1_90 37 south 2 29728 59454 594532
0736 1_95 48 south 2 29505 59010 590094
0737 1_98 53 south 2 29472 58942 589407
0738 1_99 52 south 2 29520 59039 590382
0739 21_10_331b2346_c52f_40ca_b575_5f6ff45d6fde_0 46 north 2 36364 72728 727274
0740 21_10_74f0e165_400c_4eea_9f9d_181a1d5f94b4 52 north 2 36864 73728 737270
0741 21_12 54 north 2 35690 71379 713782
0742 21_16 14 north 2 45894 91788 917865
0743 25_1 48 north 2 32757 65513 655119
0744 25_101 9 north 2 64560 129119 1291188
0745 25_102_5208b0f0_a765_4050_bd43_d6f9a8e6a402 38 north 2 50628 101254 1012530
0746 25_102_8bd66ea2_6c0a_4a68_8ddb_bf56b42b2f48 38 north 2 37142 74282 742802
0747 25_102_d018e04f_a790_4963_9cfc_3062fe4c8e18_1436c756_9aff_4ae7_8239_146244ced153 33 north 2 81183 162365 1623647
0748 25_102_d018e04f_a790_4963_9cfc_3062fe4c8e18_562d9dfe_6bdf_4ef9_b635_ce6043299ef0 32 north 2 75850 151700 1516999
0749 25_106 43 north 2 36629 73258 732569
0750 25_107 12 north 2 41864 83728 837273
0751 25_111 54 north 2 42167 84333 843323
0752 25_113 55 north 2 39228 78454 784527
0753 25_115 55 north 2 41920 83840 838392
0754 25_117 10 north 2 43173 86344 863432
0755 25_12 56 north 2 53035 106069 1060680
0756 25_122 46 north 2 39908 79815 798147
0757 25_129 55 north 2 41208 82414 824135
0758 25_133 54 north 2 35537 71073 710724
0759 25_25 34 north 2 81617 163233 1632314
0760 25_26 34 north 2 40634 81268 812665
0761 25_29 5 north 2 64370 128740 1287399
0762 25_36 21 north 2 50830 101660 1016594
0763 25_39 22 north 2 52793 105584 1055837
0764 25_42 21 north 2 41385 82770 827693
0765 25_44_3a69299d_91b7_41e1_bc71_167ccc4813f5 12 north 2 41245 82490 824895
0766 25_45 20 north 2 35155 70309 703082
0767 25_47 20 north 2 49284 98567 985652
0768 25_5 13 north 2 34702 69403 694018
0769 25_54 9 north 2 64929 129858 1298570
0770 25_55 8 north 2 65440 130880 1308800
0771 25_56 9 north 2 64362 128723 1287219
0772 25_58 21 north 2 61802 123603 1236018
0773 25_59 21 north 2 33858 67714 677137
0774 25_60 15 north 2 45305 90609 906087
0775 25_61 8 north 2 46070 92140 921398
0776 25_63 11 north 2 60877 121752 1217503
0777 25_64 19 north 2 42819 85637 856355
0778 25_70 19 north 2 39050 78099 780987
0779 25_73 8 north 2 45962 91922 919204
0780 25_77 9 north 2 44422 88842 888403
0781 25_78 11 north 2 35858 71714 717128
0782 25_83 12 north 2 49462 98923 989220
0783 25_85 19 north 2 63454 126907 1269062
0784 25_91 20 north 2 40398 80795 807942
0785 25_93 9 north 2 44380 88759 887582
0786 25_94 4 north 2 46462 92922 929213
0787 25_95 20 north 2 39134 78267 782654
0788 25_97 9 north 2 60882 121763 1217615
0789 25_98_0 13 north 2 56998 113994 1139938
0790 25_98_1 13 north 2 56352 112703 1127024
0791 2_10 17 south 2 29760 59519 595178
0792 2_100 51 north 2 29854 59707 597062
0793 2_2 60 south 2 30167 60333 603314
0794 2_23 50 south 2 29848 59694 596934
0795 2_24 48 south 2 29744 59488 594869
0796 2_29 51 south 2 29708 59415 594147
0797 2_32 20 south 2 31253 62504 625037
0798 2_34 54 south 2 30019 60038 600368
0799 2_35 24 south 2 30725 61449 614482
0800 2_40 36 south 2 30957 61913 619115
0801 2_44 51 south 2 29922 59842 598403
0802 2_47 16 north 2 30134 60267 602655
0803 2_50 16 north 2 31257 62512 625104
0804 2_52 17 north 2 31002 62003 620015
0805 2_65 46 north 2 30403 60804 608033
0806 2_70 17 north 2 31617 63232 632302
0807 2_8 53 south 2 29803 59604 596029
0808 2_81 28 north 2 30012 60022 600209
0809 2_83 47 north 2 29997 59992 599908
0810 2_84 46 north 2 30747 61492 614902
0811 2_88 18 north 2 29822 59642 596407
0812 2_9 51 south 2 29754 59507 595063
0813 2_91 44 north 2 29828 59655 596539
0814 2_92 16 north 2 30110 60219 602185
0815 2_93 17 north 2 29904 59807 598060
0816 2_97 51 north 2 29863 59725 597248
0817 3_101 51 south 2 30274 60547 605463
0818 3_104 49 south 2 29985 59970 599698
0819 3_106 50 south 2 29974 59948 599472
0820 3_109 48 south 2 29724 59448 594470
0821 3_112 49 south 2 29957 59912 599103
0822 3_113 51 south 2 29968 59935 599340
0823 3_116 51 south 2 29645 59289 592880
0824 3_119 22 south 2 29637 59272 592709
0825 3_15 39 south 2 30454 60908 609065
0826 3_2 55 south 2 32112 64223 642224
0827 3_20 53 south 2 30358 60714 607127
0828 3_24 55 south 2 30020 60040 600389
0829 3_26 55 south 2 29950 59900 598992
0830 3_27 52 south 2 30477 60952 609503
0831 3_29 54 south 2 29872 59743 597420
0832 3_32 51 south 2 29987 59973 599719
0833 3_33 52 south 2 29833 59665 596648
0834 3_35 18 north 2 29552 59102 591002
0835 3_37 18 north 2 29703 59404 594033
0836 3_39 32 north 2 29684 59367 593652
0837 3_43 4 north 2 32547 65092 650913
0838 3_46 12 north 2 32927 65853 658524
0839 3_48_36646935_b218_4bc0_b77a_2a41ebce59ed 16 north 2 31883 63764 637638
0840 3_5 36 south 2 32197 64393 643923
0841 3_51 19 north 2 32334 64667 646659
0842 3_55 43 north 2 33208 66415 664145
0843 3_57 18 north 2 31615 63229 632283
0844 3_59 17 north 2 34294 68587 685855
0845 3_61 17 north 2 32118 64235 642350
0846 3_64_d405ee27_3553_41be_a230_d03729464145 43 north 2 31513 63025 630239
0847 3_65 43 north 2 30080 60159 601582
0848 3_72 43 north 2 30627 61252 612513
0849 3_73 45 north 2 31869 63737 637357
0850 3_8 51 south 2 30663 61324 613233
0851 3_81 37 north 2 29874 59748 597465
0852 3_84 50 north 2 29990 59979 599784
0853 3_87_0572534c_03d9_4ba1_b213_366a485dd821 32 north 2 29714 59428 594274
0854 3_87_342b8989_dfeb_4d77_be5f_5646855dbadf_0 36 south 2 29509 59018 590170
0855 3_89 18 south 2 29899 59798 597969
0856 3_92 24 south 2 29755 59509 595078
0857 3_95 20 south 2 31253 62504 625037
0858 3_97 24 south 2 29709 59417 594155
0859 4_15 18 north 2 29870 59739 597377
0860 4_21 12 north 2 30940 61880 618790
0861 4_22 11 north 2 31679 63358 633572
0862 4_24_1 12 north 2 33484 66967 669658
0863 4_26 28 north 2 34494 68987 689852
0864 4_27_3cdf19b5_dcb7_478e_8b00_1ee98101333a 37 north 2 30422 60842 608412
0865 4_28 39 north 2 30668 61335 613347
0866 5_10 19 south 2 36040 72080 720798
0867 5_16 28 north 2 34022 68042 680412
0868 5_18 42 north 2 33934 67867 678663
0869 5_22 28 north 2 32374 64748 647464
0870 5_24 31 north 2 41593 83184 831834
0871 5_25 49 north 2 47617 95233 952319
0872 5_26 10 north 2 49130 98260 982598
0873 5_27 46 north 2 34683 69365 693650
0874 5_3 54 south 2 40824 81647 816460
0875 5_35 42 north 2 37064 74128 741268
0876 5_41 11 north 2 37868 75734 757329
0877 5_49 11 north 2 34554 69107 691063
0878 5_50 12 north 2 36334 72667 726657
0879 5_60_e5ab57be_b799_4c79_818d_69a540c41678 44 north 2 51819 103637 1036362
0880 6_12 33 south 2 29783 59564 595627
0881 6_17 20 north 2 29978 59954 599538
0882 6_18 19 north 2 30129 60257 602559
0883 6_27 24 south 2 29769 59538 595365
0884 6_31 33 south 2 32475 64949 649478
0885 6_53 35 north 2 40163 80324 803229
0886 6_6 35 south 2 34434 68868 688673
0887 6_64 12 north 2 35035 70070 700700
0888 6_66 11 north 2 38125 76249 762488
0889 6_67 30 north 2 41219 82437 824355
0890 6_70 12 north 2 30940 61880 618790
0891 6_74 18 north 2 32585 65170 651694
0892 6_81 43 north 2 33208 66415 664145
0893 6_83 13 north 2 32913 65824 658227
0894 6_85 13 north 2 39272 78543 785424
0895 6_88_6a2cf277_48b9_4aa4_8685_2c5d750f87dc 33 north 2 30362 60722 607213
0896 6_88_835c9038_7824_47ef_84d1_23cbd45c8842 33 north 2 30049 60097 600962
0897 6_9 34 south 2 36888 73775 737740
0898 6_90 44 north 2 29937 59872 598703
0899 7_10 54 south 2 33489 66977 669759
0900 7_13 36 south 2 33062 66123 661225
0901 7_17 14 north 2 31904 63808 638072
0902 7_2 20 south 2 34882 69762 697608
0903 7_20 34 south 2 34934 69867 698658
0904 7_29_0 13 north 2 56998 113994 1139938
0905 7_29_1 13 north 2 56352 112703 1127024
0906 7_42 13 north 2 33114 66227 662252
0907 7_44 12 north 2 36334 72667 726657
0908 7_5 19 south 2 41637 83272 832713
0909 7_56 50 north 2 37784 75567 755660
0910 7_73 10 north 2 53982 107962 1079610
0911 7_80 12 north 2 33490 66979 669787
0912 7_84 34 north 2 46054 92108 921075
0913 7_87_0 37 north 2 43290 86579 865778
0914 7_9 19 south 2 36255 72510 725100
0915 7_92 33 north 2 44370 88740 887397
0916 7_94_5e49a652_2b1a_46a8_9a76_e6c9954b6865 40 north 2 47133 94264 942632
0917 8_12 18 north 2 29814 59627 596255
0918 8_18 44 north 2 35315 70629 706284
0919 8_20 43 north 2 36949 73898 738967
0920 8_34 8 north 2 61734 123467 1234657
0921 8_35 31 north 2 40988 81975 819748
0922 8_38 35 north 2 32909 65818 658174
0923 8_50 10 north 2 40708 81415 814145
0924 8_52 10 north 2 40009 80017 800157
0925 8_62 31 north 2 40769 81538 815372
0926 8_65 33 north 2 36889 73777 737758
0927 8_68 28 north 2 39942 79882 798812
0928 8_7 37 south 2 29718 59435 594344
0929 8_73 29 north 2 36680 73360 733598
