0001 11_0 55 south 1 31912 63822 638204
0002 11_4 35 south 1 34962 69923 699215
0003 14_118 29 north 1 37605 75209 752078
0004 14_12 60 south 1 35554 71108 711074
0005 14_123 32 north 1 46689 93377 933763
0006 14_124 32 north 1 60602 121203 1212025
0007 14_131 9 north 1 63503 127005 1270045
0008 14_132 9 north 1 42053 84104 841027
0009 14_133 9 north 1 41855 83710 837100
0010 14_134 9 north 1 41504 83007 830063
0011 14_135 9 north 1 41848 83695 836939
0012 14_136 9 north 1 42212 84423 844219
0013 14_137 10 north 1 41904 83807 838054
0014 14_139 9 north 1 43113 86224 862238
0015 14_140 10 north 1 41858 83715 837150
0016 14_142 9 north 1 56164 112328 1123265
0017 14_143 10 north 1 54172 108343 1083423
0018 14_145 29 north 1 57905 115809 1158085
0019 14_146 29 north 1 75915 151829 1518288
0020 14_15 55 south 1 30412 60822 608207
0021 14_150 30 north 1 45494 90987 909860
0022 14_151 30 north 1 68798 137595 1375944
0023 14_153 30 north 1 45608 91215 912147
0024 14_154 30 north 1 43323 86644 866433
0025 14_161 33 north 1 49319 98638 986375
0026 14_166 8 north 1 45799 91598 915965
0027 14_168 8 north 1 45799 91597 915958
0028 14_169 8 north 1 45579 91158 911564
0029 14_171 8 north 1 68303 136605 1366049
0030 14_176 30 north 1 40519 81038 810373
0031 14_177 31 north 1 42339 84678 846769
0032 14_178 31 north 1 42538 85075 850739
0033 14_179 32 north 1 34023 68044 680432
0034 14_181 31 north 1 42389 84777 847758
0035 14_182 32 north 1 60879 121758 1217568
0036 14_192 52 north 1 35084 70167 701659
0037 14_193 54 north 1 32023 64044 640435
0038 14_196 52 north 1 35150 70300 702999
0039 14_29 18 south 1 39588 79174 791729
0040 14_30 18 south 1 39077 78152 781503
0041 14_36 18 south 1 40565 81129 811279
0042 14_38 18 south 1 41242 82482 824813
0043 14_39 19 south 1 72338 144675 1446742
0044 14_44 18 south 1 40804 81608 816065
0045 14_45 18 south 1 49175 98349 983478
0046 14_46 18 south 1 37762 75523 755215
0047 14_48 18 south 1 39158 78315 783149
0048 14_49 18 south 1 58889 117777 1177760
0049 14_52 18 south 1 39132 78263 782624
0050 14_53 18 south 1 58589 117177 1171759
0051 14_54 18 south 1 42087 84173 841714
0052 14_55 18 south 1 58100 116200 1161994
0053 14_57 18 south 1 42375 84749 847487
0054 14_60 18 south 1 51033 102065 1020639
0055 14_62 55 south 1 32512 65023 650220
0056 14_70 20 south 1 36735 73469 734685
0057 14_71 22 south 1 32544 65087 650857
0058 14_72 21 south 1 30552 61102 611003
0059 14_78 14 north 1 30927 61852 618512
0060 14_8 55 south 1 37647 75292 752913
0061 14_82 52 north 1 37264 74528 745265
0062 14_90 51 north 1 35435 70870 708689
0063 14_91 51 north 1 33613 67225 672249
0064 17_11 12 north 1 36288 72574 725735
0065 17_24 57 north 1 45409 90818 908172
0066 17_3 44 north 1 34913 69825 698248
0067 1_103 52 south 1 29617 59232 592305
0068 1_105 52 south 1 29562 59123 591222
0069 1_113 48 south 1 29767 59532 595304
0070 1_115 48 south 1 29613 59225 592250
0071 1_116 48 north 1 29590 59180 591794
0072 1_117 48 south 1 29668 59335 593340
0073 1_12 2 south 1 30862 61722 617202
0074 1_13 38 south 1 29870 59740 597397
0075 1_35 56 south 1 30070 60140 601395
0076 1_51 21 north 1 29808 59614 596129
0077 1_52 20 north 1 29927 59853 598522
0078 1_65 18 north 1 31645 63290 632890
0079 1_68 17 north 1 30005 60009 600077
0080 1_75 55 south 1 29854 59708 597068
0081 1_80 18 north 1 29824 59647 596453
0082 1_83 49 north 1 29529 59058 590572
0083 1_86 49 north 1 29655 59310 593094
0084 25_100 20 north 1 56064 112127 1121263
0085 25_118 32 north 1 54497 108993 1089918
0086 25_132 12 north 1 37483 74964 749627
0087 25_24 33 north 1 36045 72090 720892
0088 25_30 6 north 1 79919 159838 1598372
0089 25_37 21 north 1 41387 82772 827713
0090 25_38 21 north 1 54312 108623 1086224
0091 25_40 21 north 1 40810 81619 816180
0092 25_41 21 north 1 40509 81018 810170
0093 25_46 20 north 1 39045 78090 780889
0094 25_50 4 north 1 76455 152910 1529098
0095 25_62 12 north 1 39739 79478 794774
0096 25_65 8 north 1 45678 91355 913549
0097 25_66 18 north 1 37244 74488 744869
0098 25_67 19 north 1 51160 102319 1023179
0099 25_71 20 north 1 43297 86592 865912
0100 25_72 20 north 1 44353 88705 887044
0101 25_79 9 north 1 62069 124137 1241353
0102 25_80 13 north 1 37024 74048 740473
0103 25_81 9 north 1 60712 121422 1214208
0104 25_84 9 north 1 43585 87169 871688
0105 25_86 19 north 1 69415 138830 1388294
0106 25_87 20 north 1 39137 78272 782712
0107 25_88_0 15 north 1 37292 74582 745804
0108 25_89 19 north 1 70869 141738 1417365
0109 25_90 9 north 1 61215 122429 1224282
0110 25_96 21 north 1 43507 87012 870107
0111 25_99 18 north 1 37359 74718 747168
0112 2_13 36 north 1 29559 59117 591155
0113 2_21 32 north 1 29690 59380 593799
0114 2_3 6 south 1 30994 61987 619852
0115 2_31 49 south 1 29863 59724 597238
0116 2_54 43 north 1 30635 61270 612697
0117 2_58 46 north 1 32650 65299 652977
0118 2_59 46 north 1 31300 62599 625982
0119 2_80 28 north 1 29844 59688 596868
0120 2_85 47 north 1 30833 61665 616647
0121 3_1 58 south 1 30675 61350 613495
0122 3_10 52 south 1 30618 61234 612329
0123 3_100 36 south 1 31360 62720 627192
0124 3_108 51 south 1 30013 60024 600235
0125 3_11 52 south 1 30578 61154 611533
0126 3_120 22 south 1 29755 59510 595100
0127 3_16 53 south 1 29822 59642 596410
0128 3_18 54 south 1 31377 62752 627510
0129 3_42 51 north 1 30307 60613 606120
0130 3_45 5 north 1 31342 62682 626805
0131 3_56 43 north 1 31897 63793 637924
0132 3_60 42 north 1 32152 64302 643004
0133 3_66 46 north 1 32158 64315 643140
0134 3_67 46 north 1 32087 64173 641722
0135 3_68 43 north 1 31152 62302 623009
0136 3_69 43 north 1 31982 63962 639604
0137 3_7 51 south 1 30738 61474 614732
0138 3_70 45 north 1 31810 63619 636183
0139 3_71 46 north 1 32000 63999 639980
0140 3_86 46 north 1 30853 61704 617033
0141 3_94 24 south 1 29763 59524 595232
0142 3_96 23 south 1 29672 59342 593404
0143 4_12 34 south 1 31693 63384 633827
0144 4_18 42 north 1 32540 65079 650778
0145 4_19 42 north 1 32219 64438 644368
0146 4_23 12 north 1 30898 61795 617945
0147 4_34 15 south 1 29607 59213 592123
0148 4_6_8de8c00c_31f2_4b63_b77e_edfcf941b626 50 south 1 32618 65234 652337
0149 4_7 54 south 1 34195 68390 683895
0150 5_9 34 south 1 36749 73497 734960
0151 6_1 49 south 1 32949 65898 658975
0152 6_38_1dc122ad_b67e_4478_bdce_f9c7449c5473 35 south 1 30383 60764 607629
0153 6_60 40 north 1 34493 68985 689844
0154 6_7 54 south 1 33053 66104 661028
0155 6_79 43 north 1 31020 62040 620392
0156 6_8 49 south 1 32773 65545 655449
0157 6_80 43 north 1 31897 63793 637924
0158 6_86 14 north 1 31817 63633 636322
0159 6_88_0db49c89_56dc_46ae_800a_a9974d26b05b 38 north 1 29519 59037 590363
0160 6_91 43 north 1 30537 61073 610724
0161 7_35 32 north 1 35518 71035 710347
0162 7_36_b80a024b_4f67_4bdd_b612_dafa46455008 13 north 1 38770 77540 775394
0163 7_38 13 north 1 37102 74202 742004
0164 7_4 19 south 1 38603 77205 772042
0165 7_46 12 north 1 37483 74964 749627
0166 7_49 12 north 1 31334 62668 626675
0167 7_53 12 north 1 42808 85615 856145
0168 7_7 54 south 1 34427 68852 688510
0169 8_27 42 north 1 36359 72718 727174
0170 8_36 34 north 1 36528 73054 730535
0171 8_49 10 north 1 33389 66777 667755
0172 8_51 10 north 1 50463 100925 1009243
0173 8_53 10 north 1 40423 80845 808444
0174 8_54 10 north 1 40590 81180 811794
