0001 11_10_6ce9c345_733d_482e_bfb1_295e01aee87c 20 south 15 24210 48419 484185
0002 11_10_83f566d8_e68e_4ddb_864b_ee4796c8d874 20 south 15 24404 48808 488079
0003 11_13_ae54e186_eecd_44bd_a742_0e0b03db4fb4_1 35 south 15 24789 49578 495778
0004 11_25_0 49 north 15 26598 53195 531941
0005 14_104 38 north 15 34780 69560 695595
0006 14_18 18 south 15 24391 48781 487809
0007 14_184 33 north 15 34386 68771 687704
0008 1_100_d908889e_0917_4b8c_9088_d8cf1f35fc08_0 20 south 15 23727 47454 474536
0009 1_54_0 15 north 15 24896 49791 497905
0010 21_8 45 north 15 42792 85584 855833
0011 25_102_1a23c5b2_7ba1_444f_86ba_63d63dd8f376_0ca78323_acc6_4366_a1bc_eeb850696686 39 north 15 48121 96241 962401
0012 25_124_0 43 north 15 35515 71029 710281
0013 25_138_3 47 north 15 41011 82021 820206
0014 2_12_0 36 south 15 23601 47202 472018
0015 2_78_fe8879ad_4c13_4ecf_8485_b39902a9fe56_0 22 south 15 23623 47246 472454
0016 3_64_7aace021_f86e_4f97_88ab_e6a633c347fb_0 44 north 15 26436 52871 528710
0017 3_64_b970851c_3f45_45ff_84f3_590e25f81f1b 43 north 15 24491 48982 489814
0018 3_85_59df0f02_e42a_4edb_ab90_24e379afec10 47 north 15 26989 53977 539762
0019 3_91_b1b11040_69bf_4bdd_9a2d_d03ebd8d8587 20 south 15 24015 48029 480289
0020 5_47_11ad9d37_c990_4acd_b755_6fdd50abccb6 41 north 15 25964 51928 519272
0021 6_23 17 south 15 23834 47667 476661
0022 6_37 36 south 15 25233 50465 504650
0023 7_36_552d6d2f_6eb9_444e_8b19_9f6c1a10c0f9 13 north 15 25568 51135 511347
0024 7_64 37 north 15 25912 51824 518234
0025 7_79 12 north 15 43463 86925 869245
0026 8_48_0ff8f623_07bb_4649_ae7a_3016549f3783 10 north 15 32040 64079 640784
0027 17_26_9fb3f4a6_3a07_4194_9cdc_37113336b544_3 8 north 14 79340 158680 1586795
0028 25_102_1a23c5b2_7ba1_444f_86ba_63d63dd8f376_f6860f78_0c98_4d7e_acb0_a58b9c2311bc 40 north 14 53774 107547 1075462
0029 2_42 54 south 14 24048 48095 480949
0030 3_54 18 north 14 25727 51454 514540
0031 5_1_253e29bb_7cf1_46a3_88ed_1d39d1ab75bd 19 south 14 32047 64093 640922
0032 7_94_0fd192dc_9710_4963_87c2_2339858c99a5 49 north 14 51599 103198 1031975
0033 14_21 17 south 13 23677 47354 473537
0034 1_21_0 24 south 13 23884 47768 477673
0035 1_24 55 south 13 23684 47367 473662
0036 3_64_136cc7c4_eacc_4876_8faf_6fe8819176f1 44 north 13 23935 47870 478695
0037 7_94_47cc0ea1_aacf_4cd7_9ba0_69279cc70c40 39 north 13 33333 66666 666653
0038 11_13_1677fe39_95a5_4ab5_8d1f_9bf019f69eb5_0 36 south 12 24014 48027 480269
0039 11_8_0 36 south 12 23660 47319 473182
0040 14_186 35 north 12 30411 60822 608218
0041 14_67 35 south 12 25052 50104 501034
0042 14_88 47 north 12 25697 51394 513937
0043 14_96 43 north 12 30219 60437 604362
0044 17_26_e5256063_e36d_47aa_8cc6_6e89798661bc_0 7 north 12 64543 129085 1290845
0045 1_100_28fc30dc_5b6e_4790_bbbd_99863d6ca107 20 north 12 23743 47486 474859
0046 1_69 51 north 12 24617 49233 492328
0047 1_70_0 51 north 12 24107 48214 482137
0048 21_6_0 15 north 12 48321 96642 966415
0049 25_102_1a23c5b2_7ba1_444f_86ba_63d63dd8f376_69881424_343c_4982_8e73_2e9b720a2ebc 38 north 12 46239 92477 924761
0050 25_108 11 north 12 28777 57553 575527
0051 25_123 30 north 12 33192 66383 663823
0052 25_128 45 north 12 40050 80100 800995
0053 25_44_ca561f9d_4419_455d_85f3_2da24f48e757 19 north 12 49782 99563 995621
0054 2_1 38 south 12 24018 48035 480343
0055 2_78_9800ad25_e4b4_4c85_8213_0d188f65ae09 19 north 12 23598 47195 471943
0056 2_78_ea9a69f6_9e4e_48b1_a53a_03e804fbb4da_1 21 north 12 23752 47504 475040
0057 2_87_2bf404ca_47e2_4bef_9a28_d5e532d872f5 32 north 12 23774 47548 475477
0058 3_115 49 south 12 23909 47817 478163
0059 3_64_20975854_619a_4ed7_8a0f_705c9ad87cda_0 43 north 12 24231 48462 484619
0060 4_10 36 south 12 24951 49901 499008
0061 4_13 52 south 12 24728 49455 494544
0062 5_17 46 north 12 27582 55164 551637
0063 5_44 12 north 12 28436 56871 568706
0064 5_54 33 north 12 28262 56524 565232
0065 5_56 13 north 12 29012 58024 580235
0066 6_38_706a595d_3a3a_4c54_9edc_238cd2ddd958 34 south 12 25627 51254 512534
0067 6_38_768106dc_4b37_49a5_a9af_0c0fd0d5d72c 36 south 12 26687 53374 533732
0068 6_40 23 south 12 24613 49226 492255
0069 6_5 34 south 12 29228 58455 584543
0070 6_77 13 north 12 26248 52496 524957
0071 6_88_17c7f139_d1f7_4f7d_8131_43f679e8f995 36 north 12 24164 48327 483264
0072 6_88_41246399_f35c_4c45_8c2f_55d70f928bff 30 north 12 24480 48959 489587
0073 7_24 33 south 12 27918 55836 558356
0074 7_36_15db08d6_bbdb_4d5f_9a82_7f64ae1abadb 13 north 12 26445 52890 528896
0075 7_36_49e52633_d2c5_4a10_ad20_dede9fe7f1c1 11 north 12 31357 62713 627127
0076 7_37 12 north 12 28436 56871 568706
0077 7_41 12 north 12 29822 59644 596433
0078 7_94_0d95852b_822c_4743_800c_5e961b27e5dc_0 45 north 12 30847 61694 616940
0079 7_94_919e3a42_7bfe_4deb_a3f5_85e3d0ecbb53 47 north 12 30122 60243 602426
0080 7_94_a80890ac_f7f4_4678_92d5_120a90cb3ab9 48 north 12 34894 69788 697872
0081 7_94_bb6f1329_2eb7_4c6a_90fd_1b3f1efb4cd7_0_d22f1d4e_cb4b_4611_abc3_19e259fed790 43 north 12 49363 98725 987250
0082 7_94_c65a19ba_1ff6_46ee_ba2f_e134e24fdfdf 41 north 12 31665 63330 633295
0083 8_16 42 north 12 26139 52278 522778
0084 8_25 17 south 12 23727 47453 474526
0085 8_43 36 north 12 37047 74093 740925
0086 8_48_3ec208e0_281b_4b47_a676_04c0279f2732 10 north 12 26912 53823 538225
0087 14_119 32 north 11 62433 124866 1248654
0088 14_14 38 south 11 24274 48547 485465
0089 14_172 8 north 11 38262 76523 765225
0090 14_197_9bba0977_8479_443c_8aee_bde0d21f2228_0 14 north 11 26208 52416 524153
0091 14_77 14 north 11 24524 49048 490475
0092 1_4 58 south 11 25663 51326 513252
0093 2_30 49 south 11 23917 47833 478323
0094 3_103 51 south 11 24068 48136 481353
0095 3_48_6ba598f2_1a29_4987_93af_efae1c665331 14 north 11 25568 51135 511341
0096 3_64_e3d88418_d39a_49b4_ae4e_1fc1681e9dcf 43 north 11 24502 49003 490023
0097 3_77_2 44 north 11 23897 47793 477929
0098 6_41 14 north 11 24934 49867 498667
0099 8_2_0 54 south 11 28164 56327 563264
0100 8_3 53 south 11 27086 54171 541710
0101 8_75 33 north 11 33467 66933 669330
0102 1_11 39 south 10 24094 48187 481864
0103 1_118 51 north 10 23564 47127 471267
0104 21_10_470542e8_3fb3_4ae0_a1bb_eca028bd735d 47 north 10 45983 91965 919650
0105 25_102_65683978_0097_44b5_97ce_5877ae668bde 56 north 10 72313 144626 1446258
0106 5_30 42 north 10 36794 73587 735864
0107 6_35 20 south 10 24219 48438 484374
0108 6_57 34 north 10 30039 60077 600764
0109 11_1 55 south 9 25462 50924 509232
0110 11_12_57e9630c_540c_424a_a7f3_57d00f405fd1 19 south 9 24489 48977 489765
0111 11_17 15 north 9 24361 48721 487205
0112 11_29 12 north 9 26439 52878 528774
0113 14_23 17 south 9 23644 47288 472876
0114 14_75 19 north 9 23960 47919 479181
0115 14_87 51 north 9 24803 49606 496057
0116 1_18 19 south 9 24328 48656 486555
0117 21_14 49 north 9 30887 61773 617730
0118 21_19 43 north 9 28591 57182 571814
0119 21_7 47 north 9 36640 73279 732788
0120 25_102_1a23c5b2_7ba1_444f_86ba_63d63dd8f376_088e79fe_bcfe_48e3_b9ef_96ed72c1d93d 42 north 9 32932 65864 658637
0121 25_102_27fed9e4_cdab_4f90_99b2_cfda162ec18c 33 north 9 63566 127131 1271305
0122 25_120 20 north 9 42614 85228 852272
0123 25_131 53 north 9 33166 66331 663301
0124 25_21_0 5 north 9 47629 95257 952562
0125 25_23_0 32 north 9 41448 82896 828954
0126 25_3 50 north 9 28775 57549 575481
0127 25_44_1ec30c39_3c40_4e50_ac61_9f8a821769bd 7 north 9 59553 119105 1191045
0128 25_44_2aec770e_d59c_43bb_b1a6_6bb27f90f398_9ea6a69d_685b_4565_9c90_706355628805_0 13 north 9 61149 122298 1222979
0129 2_19 18 north 9 23738 47476 474754
0130 2_51 14 north 9 25977 51953 519524
0131 2_53 45 north 9 25126 50251 502508
0132 2_7 55 south 9 23846 47691 476908
0133 2_96 18 north 9 23920 47839 478384
0134 3_62_0 14 north 9 25547 51093 510929
0135 3_74 17 north 9 23947 47893 478928
0136 3_75 17 north 9 23886 47771 477703
0137 3_87_b89ba06e_6eab_440a_a9d3_33b67ec010c1_0 32 north 9 23795 47589 475881
0138 4_11 34 south 9 25308 50615 506142
0139 4_38 37 south 9 23758 47516 475155
0140 4_4 36 south 9 23906 47811 478105
0141 5_19 45 north 9 27160 54319 543182
0142 5_21 13 north 9 25201 50401 504009
0143 5_40 11 north 9 29905 59810 598096
0144 5_43 10 north 9 32851 65701 657008
0145 5_59 37 north 9 26593 53185 531841
0146 6_21 18 south 9 23713 47425 474242
0147 6_38_0015ce2d_f61c_423f_b85c_eba18299daef 33 south 9 26234 52468 524679
0148 6_63 11 north 9 28183 56366 563653
0149 7_69 36 north 9 28065 56130 561292
0150 7_89_0 38 north 9 30513 61025 610247
0151 7_93_0 30 north 9 27741 55482 554811
0152 7_94_a246bfd1_6246_4d86_85b8_95e60b75e492 48 north 9 37157 74314 743131
0153 7_94_f347f193_0f9f_452c_b3db_d5d1f356faba_0 49 north 9 25595 51190 511891
0154 8_26 42 north 9 29023 58046 580458
0155 8_29 11 north 9 34840 69679 696789
0156 8_69 12 north 9 30728 61456 614560
0157 8_72_0 30 north 9 27741 55482 554811
0158 14_159 8 north 8 32840 65679 656788
0159 14_165 8 north 8 36404 72808 728075
0160 14_19 17 south 8 23817 47633 476328
0161 14_65 34 south 8 32769 65537 655368
0162 17_12 42 north 8 32528 65055 650549
0163 17_25_1 18 north 8 48724 97448 974476
0164 17_50_af1162f3_cde7_4f99_9e9e_895ef152763a 10 north 8 24387 48773 487727
0165 1_0 23 south 8 25413 50826 508255
0166 1_1 38 south 8 24076 48151 481510
0167 1_74_ad63bf00_8410_44ca_91c7_f67f473b01ec 53 south 8 23762 47524 475232
0168 1_93 52 south 8 23646 47292 472911
0169 21_11_0 46 north 8 34260 68520 685194
0170 25_102_c8134de7_b38d_4d09_8241_eb8d58f0f6f7_0 32 north 8 44329 88657 886570
0171 25_130 52 north 8 42257 84514 845140
0172 25_44_2aec770e_d59c_43bb_b1a6_6bb27f90f398_6296ad33_4aa4_487b_99f3_737a3843e2b4_0 12 north 8 61209 122417 1224170
0173 2_86_0 30 north 8 23803 47605 476050
0174 3_25 54 south 8 24076 48151 481504
0175 3_76_0365aa47_a07f_4b68_9d4d_af6f9bf20101 19 north 8 23627 47253 472524
0176 4_20_cc2574b2_4959_449f_a889_cb9227b83ee0 11 north 8 25183 50365 503647
0177 4_32 18 north 8 24239 48478 484780
0178 5_13_77c609f7_3bbc_4a86_8985_cc9c9a26ee9c 19 south 8 24171 48342 483419
0179 5_20 41 north 8 24777 49553 495521
0180 6_19 18 north 8 24308 48616 486160
0181 6_20 19 north 8 24387 48774 487734
0182 6_24 24 south 8 23768 47536 475351
0183 6_38_e7c7b08a_2a80_43c8_ab07_c45529c4893e 34 south 8 25287 50574 505734
0184 6_46 47 north 8 24444 48887 488866
0185 6_65 32 north 8 32516 65031 650303
0186 6_88_5e63e45b_868b_4cc4_8494_b15770d7e472 38 north 8 23797 47593 475927
0187 7_36_3a709628_a06e_44dd_b3f5_ff6c760dc4db_0 12 north 8 24339 48678 486771
0188 7_36_b9386131_d1c0_4e32_9287_257d1b559350 13 north 8 26211 52422 524219
0189 7_94_678bdbea_75d0_4011_9751_aa36c5cbfb1b 47 north 8 33697 67393 673925
0190 8_40 32 north 8 27092 54184 541835
0191 8_41 33 north 8 31658 63316 633152
0192 8_57 12 north 8 30182 60364 603638
0193 8_59 34 north 8 33832 67663 676626
0194 8_9 51 south 8 33705 67410 674100
0195 14_0 19 south 7 57707 115413 1154130
0196 17_17_0 5 north 7 63991 127982 1279816
0197 1_73_0 44 north 7 23864 47727 477262
0198 25_135 52 north 7 24773 49545 495445
0199 25_44_27eb7045_d303_43ac_b063_d26cf6674bd7 18 north 7 37648 75295 752946
0200 3_83 50 north 7 24049 48098 480972
0201 4_1 19 south 7 24332 48663 486626
0202 8_74_e69e5d65_9664_444e_879f_d9d61885c616 36 north 7 35026 70051 700510
0203 11_12_6c54e54f_9039_4347_a927_270b643527b4 19 south 6 24030 48059 480588
0204 11_13_f247af42_9ab8_4410_a695_5846d748ccfb 33 south 6 24174 48348 483476
0205 11_2 55 south 6 24650 49300 492991
0206 11_20 52 north 6 31022 62043 620426
0207 11_30_6e06378d_1cc5_4d12_8f34_a6b46abaad39 49 north 6 29600 59199 591981
0208 11_31 19 north 6 23870 47739 477387
0209 11_9 17 south 6 23624 47248 472476
0210 14_100 37 north 6 23960 47919 479183
0211 14_108 10 north 6 38851 77702 777017
0212 14_115 7 north 6 65996 131991 1319903
0213 14_16 23 south 6 24540 49080 490797
0214 14_164 32 north 6 42358 84716 847151
0215 14_183 29 north 6 34225 68449 684482
0216 14_202 18 north 6 31429 62857 628563
0217 14_203 52 north 6 24312 48623 486229
0218 14_205 38 north 6 33294 66587 665868
0219 14_22 36 south 6 23761 47522 475213
0220 14_3 18 south 6 27314 54627 546265
0221 14_61_859e371a_f357_4c6e_ba26_c8eaf79de7de 55 south 6 24077 48153 481530
0222 14_73 36 south 6 24326 48651 486507
0223 14_80 12 north 6 29014 58028 580278
0224 14_84 14 north 6 25777 51553 515522
0225 17_14 49 north 6 36751 73501 735009
0226 17_15 47 north 6 43522 87043 870429
0227 17_26_9fb3f4a6_3a07_4194_9cdc_37113336b544_0 8 north 6 32100 64200 642000
0228 17_47 35 north 6 37024 74048 740472
0229 17_49 11 north 6 31594 63188 631872
0230 17_5 12 north 6 28824 57648 576477
0231 1_102_1 36 south 6 23626 47252 472519
0232 1_106 52 south 6 23803 47605 476047
0233 1_107 52 north 6 23803 47605 476049
0234 1_20 39 south 6 23932 47864 478635
0235 1_47 51 north 6 23920 47839 478390
0236 1_48 51 north 6 23972 47944 479436
0237 1_49 29 north 6 23759 47517 475166
0238 1_53 47 north 6 23897 47794 477935
0239 1_62 14 north 6 25315 50629 506287
0240 1_64 19 north 6 25761 51521 515204
0241 1_96 48 south 6 23721 47441 474407
0242 21_10_37aedaf1_98f5_4593_a206_70eb1e2b7286 50 north 6 31019 62037 620363
0243 21_18 44 north 6 37023 74046 740454
0244 21_1_0 14 north 6 28995 57990 579895
0245 21_5_1 13 north 6 35218 70436 704360
0246 25_102_0814cbe8_cf8f_487f_9601_10694c5a73d4 34 north 6 91392 182784 1827836
0247 25_102_7518de3a_25c4_4ca3_b736_5ed0e4c79e4e_53c57c2e_abb2_44ea_bb57_16d8c7956804 43 north 6 34061 68122 681214
0248 25_102_c8134de7_b38d_4d09_8241_eb8d58f0f6f7_5 31 north 6 41361 82722 827219
0249 25_103 12 north 6 30258 60515 605150
0250 25_109_2 12 north 6 32108 64216 642158
0251 25_110 36 north 6 37817 75633 756327
0252 25_134 52 north 6 26948 53895 538949
0253 25_137 10 north 6 50018 100035 1000342
0254 25_17 17 north 6 49399 98798 987979
0255 25_44_494082be_0133_416f_85c7_587be1d61811 12 north 6 25243 50486 504858
0256 25_44_65b5f701_3c47_4d9c_8e2b_9ab77f60ed98_0 6 north 6 87849 175697 1756965
0257 25_44_890e8ce0_33fc_4468_943a_2f1a4b488598 12 north 6 29374 58748 587472
0258 25_44_ac2537fb_47e9_44e7_a35f_0c7200f14575 19 north 6 40733 81466 814655
0259 25_44_b295be93_14c8_4157_9909_9a8d252a42bd 12 north 6 25192 50384 503839
0260 25_44_d2cb6617_4b6e_4ded_9566_34502d7fdc97 12 north 6 26480 52960 529596
0261 2_0 21 south 6 24318 48635 486347
0262 2_16 33 south 6 23648 47295 472944
0263 2_27 50 south 6 23768 47535 475341
0264 2_28 48 south 6 23797 47593 475927
0265 2_39 55 south 6 24169 48338 483374
0266 2_4 55 south 6 24201 48402 484012
0267 2_6 54 south 6 23942 47883 478828
0268 2_60_0 16 north 6 24619 49237 492366
0269 2_68 19 north 6 25838 51675 516744
0270 2_74 51 north 6 24021 48042 480415
0271 2_76 51 north 6 24131 48261 482607
0272 2_78_5abcc80c_64d6_4e48_b6e1_4660c23e6ec3 21 south 6 23845 47689 476890
0273 2_78_aa6a2689_fd76_40f9_89cc_3ef6b83212dc 20 north 6 23848 47695 476949
0274 2_87_35452e35_e3d8_4db7_beef_1693b570c863 32 north 6 23633 47266 472655
0275 2_87_776cdef2_1976_4886_81d1_a5afdb2438c0 35 north 6 23578 47155 471546
0276 2_94 17 north 6 24020 48039 480388
0277 3_105 50 south 6 24006 48012 480120
0278 3_23 55 south 6 24243 48485 484843
0279 3_28 53 south 6 23876 47751 477508
0280 3_36 18 north 6 23717 47434 474331
0281 3_3_0 23 south 6 25935 51869 518682
0282 3_64_48fbb8e3_01ce_4cea_acb8_bb8a2e5a7118_0 43 north 6 24257 48514 485136
0283 3_64_99c072fc_c204_46eb_8121_3be780e10b11 43 north 6 23902 47804 478036
0284 3_87_d58a8165_04e0_4136_a513_5a3998122465_0 30 north 6 23731 47461 474601
0285 4_16_0 36 north 6 23715 47430 474294
0286 4_33 15 south 6 23747 47493 474926
0287 4_35 18 south 6 23703 47405 474050
0288 5_0 19 south 6 40002 80003 800021
0289 5_15 13 north 6 29125 58250 582493
0290 5_32 38 north 6 31701 63401 634001
0291 5_33 11 north 6 30054 60108 601079
0292 5_34 10 north 6 27530 55059 550585
0293 5_42 43 north 6 33590 67180 671800
0294 5_45 11 north 6 32229 64457 644566
0295 5_51 30 north 6 30094 60187 601869
0296 5_6 17 south 6 23852 47704 477033
0297 5_60_be257e4d_7e13_4ad4_b12f_987d0b717047 45 north 6 31445 62890 628892
0298 6_29 17 south 6 23845 47690 476892
0299 6_38_1e021cbd_6dcf_49f4_a131_73e03c120975 34 south 6 24817 49633 496330
0300 6_39 35 south 6 24909 49817 498169
0301 6_4 54 south 6 27529 55057 550564
0302 6_51 11 north 6 26567 53134 531336
0303 6_55 11 north 6 26655 53310 533097
0304 6_61 33 north 6 27946 55892 558911
0305 6_68 36 north 6 31620 63239 632383
0306 6_76 15 north 6 26229 52458 524578
0307 7_14 17 south 6 23836 47671 476708
0308 7_15 18 south 6 23715 47429 474287
0309 7_23 19 south 6 29065 58129 581288
0310 7_26 33 south 6 25229 50457 504564
0311 7_30 10 north 6 40819 81638 816375
0312 7_32 42 north 6 55509 111017 1110169
0313 7_33 43 north 6 48709 97417 974161
0314 7_47 11 north 6 30054 60108 601079
0315 7_50 11 north 6 32229 64457 644566
0316 7_58 43 north 6 28547 57093 570922
0317 7_59 43 north 6 33239 66478 664780
0318 7_60 11 north 6 29934 59868 598671
0319 7_63 33 north 6 29919 59838 598371
0320 7_65 47 north 6 27536 55071 550704
0321 7_70 29 north 6 26174 52347 523464
0322 7_74 12 north 6 42549 85098 850975
0323 7_91_0 34 north 6 28512 57023 570225
0324 7_94_42d82898_a94d_476c_9f14_8a1a4d1490c7 44 north 6 25060 50120 501198
0325 7_94_9dc42f30_c775_4cb3_a4ab_435443c37527 42 north 6 30162 60324 603239
0326 7_94_c65b0a8d_c3e7_4a8e_9479_7852723ca6b0 42 north 6 31968 63935 639348
0327 8_10 34 south 6 26261 52522 525217
0328 8_21 42 north 6 28244 56488 564878
0329 8_23 36 south 6 23694 47387 473866
0330 8_32 33 north 6 37967 75934 759339
0331 8_39 36 north 6 30155 60310 603093
0332 8_44 34 north 6 37091 74181 741802
0333 8_47 32 north 6 27052 54103 541027
0334 8_6_0 54 south 6 24959 49918 499176
0335 8_78 34 north 6 35225 70449 704486
0336 11_28 49 north 5 26270 52539 525390
0337 17_20 56 north 5 65641 131282 1312814
0338 17_50_a8189c3b_6ffa_49a1_8081_52865de41280 11 north 5 46947 93894 938934
0339 1_23 56 south 5 23806 47612 476113
0340 25_102_a2771995_66e3_4e82_bc63_03e7dea67e0b 36 north 5 45089 90178 901775
0341 25_102_d018e04f_a790_4963_9cfc_3062fe4c8e18_c5d2950f_1de1_4878_9855_cff54e57745b 33 north 5 65573 131146 1311454
0342 25_119 20 north 5 49270 98540 985397
0343 25_44_7177d04a_fc20_4ba5_b202_ddd7ca233c5a 16 north 5 55212 110423 1104225
0344 2_26 48 south 5 23855 47709 477090
0345 2_43 25 south 5 23865 47730 477300
0346 2_71 49 north 5 24914 49828 498275
0347 3_22 55 south 5 25333 50666 506655
0348 8_4 53 south 5 34178 68356 683556
0349 11_10_2617e02d_9e14_458a_b2f7_9151c5d9ad8e 19 south 4 29563 59125 591250
0350 11_14 36 south 4 24731 49461 494608
0351 11_18 51 north 4 24554 49107 491063
0352 11_19 43 north 4 25562 51123 511229
0353 11_21 48 north 4 26563 53126 531259
0354 11_22 54 north 4 27355 54709 547081
0355 11_26 50 north 4 25098 50195 501950
0356 11_27 50 north 4 25561 51122 511220
0357 11_5 55 south 4 24803 49605 496042
0358 14_10 59 south 4 28518 57036 570352
0359 14_103 38 north 4 28472 56943 569423
0360 14_105 10 north 4 33376 66752 667512
0361 14_106 33 north 4 39362 78724 787231
0362 14_107 33 north 4 38230 76460 764597
0363 14_111 2 north 4 40727 81453 814528
0364 14_113 10 north 4 32259 64518 645175
0365 14_114 30 north 4 57035 114069 1140682
0366 14_116 29 north 4 42670 85339 853383
0367 14_120 8 north 4 44946 89892 898920
0368 14_13 55 south 4 27767 55533 555328
0369 14_149 30 north 4 34529 69057 690570
0370 14_157 32 north 4 30996 61992 619915
0371 14_158 9 north 4 37264 74527 745268
0372 14_162 9 north 4 47418 94835 948341
0373 14_175 30 north 4 31800 63599 635982
0374 14_187 36 north 4 42872 85743 857425
0375 14_188 36 north 4 36996 73991 739905
0376 14_194 52 north 4 28396 56791 567907
0377 14_195 52 north 4 29282 58564 585631
0378 14_197_7475ed65_951e_4125_acf9_07a9ea16d729 17 north 4 24069 48137 481361
0379 14_198 13 north 4 27776 55551 555502
0380 14_2 58 south 4 32112 64223 642225
0381 14_20 37 south 4 23785 47570 475695
0382 14_204 53 north 4 31113 62225 622245
0383 14_27 18 south 4 43137 86274 862732
0384 14_31 18 south 4 30292 60584 605839
0385 14_34 18 south 4 46840 93680 936796
0386 14_42 18 south 4 44246 88492 884912
0387 14_63 19 south 4 26250 52500 524996
0388 14_64 34 south 4 28061 56122 561220
0389 14_66 35 south 4 27689 55378 553777
0390 14_81 53 north 4 31467 62934 629335
0391 14_83 14 north 4 24485 48970 489694
0392 14_99 44 north 4 23872 47744 477440
0393 17_0 19 south 4 29418 58835 588347
0394 17_1 19 south 4 28965 57929 579282
0395 17_13_0 44 north 4 37753 75506 755053
0396 17_38 11 north 4 31089 62178 621771
0397 17_4 44 north 4 28022 56044 560439
0398 17_44 37 north 4 31329 62657 626563
0399 17_45 12 north 4 26804 53608 536080
0400 17_46 30 north 4 31127 62254 622537
0401 17_48 44 north 4 34479 68958 689578
0402 17_6 42 north 4 30205 60409 604084
0403 17_9 12 north 4 30822 61643 616423
0404 1_101 53 south 4 23624 47248 472475
0405 1_102_3 36 south 4 23668 47335 473347
0406 1_104 52 south 4 23619 47237 472365
0407 1_109 32 north 4 23789 47578 475777
0408 1_122 49 north 4 23730 47459 474583
0409 1_15 57 south 4 23966 47931 479305
0410 1_17 57 south 4 23897 47794 477940
0411 1_25 56 south 4 23818 47635 476341
0412 1_26 56 south 4 23675 47350 473493
0413 1_28 55 south 4 23609 47217 472162
0414 1_30 49 south 4 23913 47825 478247
0415 1_31 57 south 4 23958 47915 479147
0416 1_36 57 south 4 23858 47716 477154
0417 1_38 49 south 4 23951 47901 479003
0418 1_42 51 north 4 24260 48520 485199
0419 1_43 51 north 4 24183 48365 483649
0420 1_44 51 north 4 23953 47906 479058
0421 1_46 51 north 4 24104 48208 482071
0422 1_56 19 north 4 25458 50916 509151
0423 1_57 19 north 4 25555 51110 511099
0424 1_6 60 south 4 25127 50253 502528
0425 1_60 14 north 4 25365 50729 507283
0426 1_66 17 north 4 24486 48971 489710
0427 1_77 53 south 4 23703 47405 474044
0428 1_8 58 south 4 24332 48663 486627
0429 1_9 60 south 4 25032 50064 500639
0430 1_91 47 south 4 23753 47505 475045
0431 1_97 52 south 4 23657 47313 473122
0432 21_10_331b2346_c52f_40ca_b575_5f6ff45d6fde_2 46 north 4 39237 78474 784737
0433 21_15 49 north 4 35981 71962 719620
0434 21_17 44 north 4 38745 77490 774895
0435 21_4 13 north 4 42650 85299 852983
0436 25_0 47 north 4 28813 57625 576249
0437 25_102_4ec0184c_01a7_4b6c_b2b7_72f20b8bb02d 38 north 4 34605 69210 692092
0438 25_102_a542909d_75d3_443a_9ad6_ecc5287fc105 38 north 4 28996 57991 579908
0439 25_102_d24a37b0_476e_4a0c_820b_d270b38a4a04 31 north 4 41039 82077 820770
0440 25_104 53 north 4 29791 59581 595804
0441 25_105 43 north 4 29713 59426 594260
0442 25_116 55 north 4 38523 77045 770450
0443 25_121 12 north 4 33438 66876 668760
0444 25_125 53 north 4 32429 64858 648574
0445 25_139 32 north 4 38496 76992 769911
0446 25_14 53 north 4 38265 76529 765282
0447 25_18 17 north 4 40386 80771 807707
0448 25_19 32 north 4 42050 84099 840987
0449 25_2 51 north 4 26748 53495 534946
0450 25_20 32 north 4 57173 114345 1143443
0451 25_22_0 17 north 4 48389 96778 967778
0452 25_27 34 north 4 42480 84960 849595
0453 25_31 5 north 4 57692 115384 1153840
0454 25_4 43 north 4 28285 56569 565683
0455 25_44_17df0456_c1ca_4209_94b4_413551568201 10 north 4 40234 80468 804679
0456 25_44_43d1691a_db32_41b9_b723_d759dce27743 12 north 4 28563 57125 571244
0457 25_44_4f59bb10_db39_465d_8be9_7e891c3fea17 9 north 4 37313 74625 746245
0458 25_44_a05f2791_118b_454d_a4b6_dcf9a1aab53a_0 12 north 4 28293 56585 565847
0459 25_48 9 north 4 46325 92649 926488
0460 25_57 21 north 4 34991 69981 699807
0461 25_6 52 north 4 28396 56791 567907
0462 25_74 13 north 4 29824 59648 596477
0463 25_8 58 north 4 59917 119834 1198337
0464 2_101 50 north 4 24016 48031 480303
0465 2_11 51 south 4 23761 47521 475202
0466 2_14 37 south 4 23738 47475 474741
0467 2_15 48 south 4 23579 47157 471570
0468 2_17 50 south 4 23664 47328 473279
0469 2_18 50 north 4 23632 47263 472621
0470 2_22 51 south 4 23832 47663 476623
0471 2_25 37 south 4 23792 47583 475821
0472 2_36 36 south 4 24039 48078 480775
0473 2_37 55 south 4 23996 47992 479916
0474 2_46 49 south 4 23930 47859 478584
0475 2_48 51 north 4 24185 48370 483697
0476 2_49 51 north 4 24268 48535 485346
0477 2_5 55 south 4 24241 48481 484803
0478 2_55 46 north 4 25015 50029 500289
0479 2_62 16 north 4 24246 48491 484907
0480 2_69 18 north 4 25618 51235 512347
0481 2_72 16 north 4 24100 48199 481987
0482 2_73 19 north 4 24170 48340 483399
0483 2_75 20 north 4 24080 48159 481589
0484 2_78_6b7784d6_25c2_4ef3_a3ea_59db53604105 19 north 4 23635 47270 472695
0485 2_87_7488ec2c_0715_4394_bae8_c241d5830a08 35 north 4 23696 47391 473901
0486 2_89 51 north 4 23917 47834 478332
0487 2_90 21 north 4 23808 47615 476146
0488 2_95_0 17 north 4 24092 48184 481835
0489 2_99 51 north 4 24061 48121 481209
0490 3_0 58 south 4 26154 52308 523075
0491 3_102 50 south 4 24053 48105 481045
0492 3_110 51 south 4 23828 47655 476548
0493 3_111 49 south 4 23850 47699 476985
0494 3_114 49 south 4 23904 47808 478078
0495 3_117 51 south 4 23672 47344 473437
0496 3_13 54 south 4 24220 48439 484388
0497 3_17 55 south 4 25271 50541 505402
0498 3_30 51 south 4 23611 47221 472208
0499 3_31 51 south 4 23893 47785 477843
0500 3_34 50 south 4 23750 47500 474996
0501 3_38 51 north 4 23878 47756 477551
0502 3_40 51 north 4 25208 50416 504158
0503 3_44 5 north 4 24594 49187 491866
0504 3_50 18 north 4 25492 50984 509832
0505 3_52_0 14 north 4 24794 49588 495874
0506 3_53 49 north 4 24883 49765 497645
0507 3_58_0 17 north 4 25318 50635 506346
0508 3_64_330d9af4_88c8_4472_b71b_59355a13d491 45 north 4 26830 53660 536592
0509 3_78 18 north 4 23913 47826 478258
0510 3_79 51 north 4 24096 48191 481908
0511 3_80 51 north 4 24231 48461 484604
0512 3_91_66595f4a_964f_42bb_b33e_e78abc2f43a1 23 south 4 23876 47752 477517
0513 3_93 24 south 4 23777 47554 475535
0514 3_99 36 south 4 24931 49862 498614
0515 4_0 34 south 4 28957 57913 579127
0516 4_24_0 12 north 4 25328 50656 506559
0517 4_29 14 north 4 24915 49829 498285
0518 4_3 24 south 4 24061 48121 481209
0519 4_31_0 19 north 4 24146 48292 482914
0520 4_6_bb3ed88d_6b7c_45b0_9659_70fcf2f622c0 49 south 4 24875 49749 497486
0521 4_9 38 south 4 25275 50549 505481
0522 5_11 35 south 4 30375 60750 607495
0523 5_2 54 south 4 28599 57197 571969
0524 5_23 13 north 4 30116 60232 602317
0525 5_28_0 10 north 4 33863 67726 677258
0526 5_31 11 north 4 28274 56547 565464
0527 5_36 30 north 4 32733 65466 654652
0528 5_39 30 north 4 34530 69060 690594
0529 5_5 35 south 4 25297 50594 505931
0530 5_52 13 north 4 28281 56562 565620
0531 5_53 13 north 4 27007 54014 540137
0532 5_55 13 north 4 31507 63014 630137
0533 5_60_999bfa04_9265_44ac_b688_ea7d98e5a2b8 44 north 4 27640 55280 552798
0534 5_7 18 south 4 23669 47337 473365
0535 5_8_0 18 north 4 23843 47685 476850
0536 6_0 52 south 4 27279 54558 545571
0537 6_14 23 south 4 24645 49289 492884
0538 6_15 17 north 4 23834 47667 476667
0539 6_16 18 north 4 23892 47783 477821
0540 6_2 51 south 4 25687 51374 513731
0541 6_28 24 south 4 23777 47554 475535
0542 6_34 36 south 4 26605 53209 532081
0543 6_36 36 south 4 24931 49862 498614
0544 6_43 14 north 4 24242 48484 484838
0545 6_44 13 north 4 24284 48567 485667
0546 6_45 18 north 4 26042 52083 520826
0547 6_47 13 north 4 26721 53442 534411
0548 6_50 36 north 4 26866 53731 537303
0549 6_52 32 north 4 34816 69631 696305
0550 6_54 32 north 4 27722 55443 554421
0551 6_58 33 north 4 29083 58166 581655
0552 6_62 36 north 4 28567 57133 571322
0553 6_71 43 north 4 24871 49742 497413
0554 6_73 13 north 4 24820 49640 496391
0555 6_75 13 north 4 26043 52085 520844
0556 6_87 15 north 4 24710 49419 494182
0557 7_0 19 south 4 37322 74643 746428
0558 7_1 19 south 4 50049 100097 1000967
0559 7_12 35 south 4 24989 49978 499775
0560 7_16 18 north 4 23824 47647 476469
0561 7_25 34 south 4 27549 55097 550964
0562 7_27 35 south 4 26445 52889 528885
0563 7_31 44 north 4 36650 73299 732985
0564 7_40 13 north 4 27007 54014 540137
0565 7_43 12 north 4 30429 60857 608567
0566 7_45 13 north 4 30116 60232 602317
0567 7_48 13 north 4 30078 60155 601546
0568 7_51 11 north 4 28274 56547 565464
0569 7_52 13 north 4 31902 63803 638030
0570 7_55 11 north 4 30992 61983 619825
0571 7_57 48 north 4 29063 58125 581246
0572 7_62 11 north 4 26455 52910 529092
0573 7_66 46 north 4 26734 53467 534668
0574 7_71 38 north 4 37330 74659 746586
0575 7_72 36 north 4 40787 81573 815729
0576 7_75 11 north 4 34041 68081 680807
0577 7_76_0 14 north 4 36201 72402 724014
0578 7_77 47 north 4 44655 89310 893094
0579 7_78_0 10 north 4 27746 55492 554911
0580 7_8 54 south 4 25649 51298 512973
0581 7_83 11 north 4 31645 63290 632895
0582 7_85 40 north 4 31376 62751 627508
0583 7_90 37 north 4 31417 62834 628335
0584 7_94_046c1e1a_264b_40d3_a236_be9c709122f6 43 north 4 28885 57770 577693
0585 7_94_89e3cea9_cf8f_483c_a868_14183151a10a 38 north 4 33963 67925 679243
0586 8_0_0 18 south 4 46058 92115 921148
0587 8_0_1 18 south 4 34778 69555 695548
0588 8_1 54 south 4 26481 52962 529611
0589 8_13 18 north 4 23799 47597 475966
0590 8_15 36 north 4 23898 47796 477958
0591 8_17 12 north 4 25364 50727 507269
0592 8_22 43 north 4 28412 56824 568232
0593 8_24 17 south 4 23676 47351 473502
0594 8_28 41 north 4 31399 62798 627975
0595 8_30 10 north 4 31556 63111 631107
0596 8_31 31 north 4 32622 65243 652423
0597 8_33_0 10 north 4 35745 71489 714889
0598 8_37 35 north 4 30842 61684 616836
0599 8_42 39 north 4 29368 58735 587344
0600 8_5 53 south 4 28192 56384 563840
0601 8_55 11 north 4 27323 54645 546442
0602 8_56 12 north 4 27313 54625 546245
0603 8_58 36 north 4 31914 63827 638269
0604 8_60 42 north 4 28889 57777 577766
0605 8_66 12 north 4 26395 52790 527893
0606 8_67 12 north 4 27763 55526 555252
0607 8_77 34 north 4 29421 58841 588406
0608 14_102_0 34 north 3 38143 76285 762846
0609 14_189 31 north 3 44477 88954 889532
0610 17_21 52 north 3 63722 127444 1274431
0611 1_19 2 south 3 24751 49501 495009
0612 1_22 24 south 3 24281 48561 485601
0613 1_40 16 north 3 24296 48592 485915
0614 1_55 16 north 3 25333 50665 506644
0615 1_59 5 north 3 24692 49384 493836
0616 1_92 52 south 3 23647 47293 472922
0617 21_13 51 north 3 35307 70614 706135
0618 25_114 55 north 3 31486 62971 629707
0619 25_126 44 north 3 43476 86951 869503
0620 25_13 54 north 3 44541 89082 890811
0621 25_15 3 north 3 44241 88482 884816
0622 25_16 3 north 3 55804 111608 1116076
0623 25_44_ddb70efb_8271_45bc_9306_e5e050e895fb_0 14 north 3 31868 63736 637360
0624 25_7 58 north 3 35437 70874 708731
0625 2_38 50 south 3 24120 48240 482400
0626 2_45 50 south 3 23988 47975 479745
0627 2_61 15 north 3 25115 50230 502293
0628 2_63 16 north 3 25278 50555 505544
0629 2_98_0 44 north 3 23927 47853 478530
0630 3_107 51 south 3 24065 48130 481300
0631 3_47 17 north 3 25815 51629 516288
0632 3_87_b6b560a0_7cc5_4ac5_ae90_da821641f94a 33 north 3 23537 47073 470727
0633 4_36 17 south 3 23838 47675 476742
0634 6_42_1 19 north 3 24848 49696 496957
0635 6_88_767a00ca_c72f_4fca_9e77_6a877aa3e43e 38 south 3 23704 47408 474071
0636 6_88_80e90187_b967_44d3_a893_ef1bdb391e3a 30 north 3 24615 49230 492294
0637 7_36_31cfe2a6_1765_407c_8016_83fa4f3a3808 13 north 3 24309 48618 486177
0638 7_61 11 north 3 27561 55122 551219
0639 7_94_846968b1_bcfd_4aed_b3a5_ffe3afeae1df 50 north 3 41607 83214 832131
0640 7_94_b5826a7a_e1a1_4df0_b128_011f2574f372_0 43 north 3 36619 73238 732377
0641 8_63 35 north 3 27576 55152 551518
0642 8_64 34 north 3 31033 62066 620658
0643 8_74_2b5873c6_805e_4add_afca_7158e226afe0 35 north 3 34874 69748 697478
0644 11_16 43 north 2 24087 48174 481732
0645 11_24 14 north 2 25523 51046 510457
0646 11_7 17 south 2 23826 47651 476501
0647 14_1 18 south 2 37852 75704 757034
0648 14_101_0 18 north 2 36665 73330 733291
0649 14_109 1 north 2 43986 87972 879717
0650 14_11 60 south 2 29036 58071 580701
0651 14_110 1 north 2 43475 86949 869489
0652 14_112 2 north 2 45673 91345 913450
0653 14_117 29 north 2 44347 88693 886923
0654 14_122 32 north 2 37423 74845 748441
0655 14_130 9 north 2 33357 66714 667139
0656 14_138 9 north 2 47781 95562 955619
0657 14_141 9 north 2 34424 68848 688480
0658 14_147 29 north 2 34992 69984 699834
0659 14_152 30 north 2 52379 104758 1047574
0660 14_155 30 north 2 35851 71701 717007
0661 14_156 33 north 2 41640 83280 832800
0662 14_160 9 north 2 43480 86959 869582
0663 14_163 9 north 2 43964 87927 879262
0664 14_167 8 north 2 54406 108811 1088101
0665 14_170 8 north 2 55206 110411 1104106
0666 14_173 8 north 2 35492 70984 709833
0667 14_180 31 north 2 26279 52557 525565
0668 14_197_13334784_3aad_4f02_82e3_c8cb9bf88b57 14 north 2 27142 54283 542824
0669 14_199 18 north 2 27616 55232 552318
0670 14_200 54 north 2 29093 58185 581850
0671 14_201 15 north 2 33473 66945 669447
0672 14_25 18 south 2 58817 117634 1176335
0673 14_26 18 south 2 33349 66697 666965
0674 14_28 18 south 2 32722 65444 654431
0675 14_32 18 south 2 34139 68278 682780
0676 14_33 18 south 2 38175 76349 763483
0677 14_35 18 south 2 28733 57466 574656
0678 14_37 18 south 2 32799 65598 655979
0679 14_40 18 south 2 29807 59613 596130
0680 14_41 18 south 2 28625 57250 572493
0681 14_43 18 south 2 27380 54759 547590
0682 14_47 18 south 2 32527 65054 650537
0683 14_5 58 south 2 26248 52495 524942
0684 14_50 18 south 2 31364 62728 627271
0685 14_51 18 south 2 32488 64975 649743
0686 14_56 18 south 2 31184 62368 623672
0687 14_58 18 south 2 34131 68262 682614
0688 14_59 18 south 2 33666 67331 673305
0689 14_6 58 south 2 31617 63233 632323
0690 14_74 36 south 2 24319 48638 486378
0691 14_76 15 north 2 24819 49637 496369
0692 14_79 14 north 2 27281 54561 545609
0693 14_85 43 north 2 26425 52849 528484
0694 14_86 43 north 2 28067 56134 561337
0695 14_92 51 north 2 30375 60750 607492
0696 14_93 51 north 2 27480 54960 549598
0697 14_94 51 north 2 30384 60768 607680
0698 14_95 48 north 2 26205 52410 524095
0699 14_98 18 north 2 23851 47701 477004
0700 17_10 36 north 2 34224 68447 684465
0701 17_16 11 north 2 28686 57371 573702
0702 17_39 11 north 2 35845 71689 716885
0703 17_40 36 north 2 26601 53201 532002
0704 17_7 12 north 2 30427 60854 608539
0705 1_10 55 south 2 24117 48233 482324
0706 1_108 52 north 2 23751 47501 475001
0707 1_112 48 north 2 23621 47241 472408
0708 1_114 48 north 2 23658 47315 473145
0709 1_119 48 north 2 23676 47351 473509
0710 1_120 47 north 2 23736 47471 474701
0711 1_121 46 north 2 23618 47236 472357
0712 1_14 57 south 2 24156 48312 483117
0713 1_16 57 south 2 24135 48270 482692
0714 1_2 40 south 2 25936 51871 518705
0715 1_27 56 south 2 23613 47226 472257
0716 1_29 50 south 2 23951 47901 479001
0717 1_3 58 south 2 25267 50533 505324
0718 1_32 50 south 2 23993 47985 479847
0719 1_33 56 south 2 24080 48160 481597
0720 1_39 19 north 2 24190 48379 483783
0721 1_41 51 north 2 24073 48146 481452
0722 1_45 51 north 2 23839 47678 476778
0723 1_5 40 south 2 25186 50372 503720
0724 1_58 5 north 2 24240 48480 484797
0725 1_61 4 north 2 26336 52671 526702
0726 1_63 18 north 2 25393 50786 507859
0727 1_7 58 south 2 24613 49226 492259
0728 1_71 20 north 2 24305 48610 486098
0729 1_76 54 south 2 23851 47702 477013
0730 1_79 18 north 2 23730 47460 474594
0731 1_82 49 north 2 23716 47432 474314
0732 1_84 50 south 2 23806 47611 476108
0733 1_85 50 south 2 23744 47488 474878
0734 1_88 47 north 2 23702 47403 474023
0735 1_90 37 south 2 23782 47563 475625
0736 1_95 48 south 2 23604 47208 472075
0737 1_98 53 south 2 23577 47153 471525
0738 1_99 52 south 2 23616 47231 472305
0739 21_10_331b2346_c52f_40ca_b575_5f6ff45d6fde_0 46 north 2 29091 58182 581819
0740 21_10_74f0e165_400c_4eea_9f9d_181a1d5f94b4 52 north 2 29491 58982 589816
0741 21_12 54 north 2 28552 57103 571025
0742 21_16 14 north 2 36715 73430 734292
0743 25_1 48 north 2 26205 52410 524095
0744 25_101 9 north 2 51648 103295 1032950
0745 25_102_5208b0f0_a765_4050_bd43_d6f9a8e6a402 38 north 2 40502 81003 810024
0746 25_102_8bd66ea2_6c0a_4a68_8ddb_bf56b42b2f48 38 north 2 29713 59425 594241
0747 25_102_d018e04f_a790_4963_9cfc_3062fe4c8e18_1436c756_9aff_4ae7_8239_146244ced153 33 north 2 64946 129892 1298917
0748 25_102_d018e04f_a790_4963_9cfc_3062fe4c8e18_562d9dfe_6bdf_4ef9_b635_ce6043299ef0 32 north 2 60680 121360 1213599
0749 25_106 43 north 2 29303 58606 586055
0750 25_107 12 north 2 33491 66982 669818
0751 25_111 54 north 2 33733 67466 674658
0752 25_113 55 north 2 31382 62763 627621
0753 25_115 55 north 2 33536 67072 670713
0754 25_117 10 north 2 34538 69075 690745
0755 25_12 56 north 2 42428 84855 848544
0756 25_122 46 north 2 31926 63852 638517
0757 25_129 55 north 2 32966 65931 659308
0758 25_133 54 north 2 28429 56858 568579
0759 25_25 34 north 2 65293 130586 1305851
0760 25_26 34 north 2 32507 65014 650132
0761 25_29 5 north 2 51496 102992 1029919
0762 25_36 21 north 2 40664 81328 813275
0763 25_39 22 north 2 42234 84467 844669
0764 25_42 21 north 2 33108 66216 662154
0765 25_44_3a69299d_91b7_41e1_bc71_167ccc4813f5 12 north 2 32996 65992 659916
0766 25_45 20 north 2 28124 56247 562465
0767 25_47 20 north 2 39427 78853 788521
0768 25_5 13 north 2 27761 55522 555214
0769 25_54 9 north 2 51943 103886 1038856
0770 25_55 8 north 2 52352 104704 1047040
0771 25_56 9 north 2 51489 102978 1029775
0772 25_58 21 north 2 49441 98882 988814
0773 25_59 21 north 2 27086 54171 541709
0774 25_60 15 north 2 36244 72487 724869
0775 25_61 8 north 2 36856 73712 737118
0776 25_63 11 north 2 48701 97401 974002
0777 25_64 19 north 2 34255 68509 685084
0778 25_70 19 north 2 31240 62479 624789
0779 25_73 8 north 2 36769 73537 735363
0780 25_77 9 north 2 35537 71073 710722
0781 25_78 11 north 2 28686 57371 573702
0782 25_83 12 north 2 39569 79138 791376
0783 25_85 19 north 2 50763 101525 1015249
0784 25_91 20 north 2 32318 64636 646353
0785 25_93 9 north 2 35504 71007 710065
0786 25_94 4 north 2 37169 74337 743370
0787 25_95 20 north 2 31307 62613 626123
0788 25_97 9 north 2 48705 97410 974092
0789 25_98_0 13 north 2 45598 91195 911950
0790 25_98_1 13 north 2 45081 90162 901619
0791 2_10 17 south 2 23808 47615 476142
0792 2_100 51 north 2 23883 47765 477649
0793 2_2 60 south 2 24133 48266 482651
0794 2_23 50 south 2 23878 47755 477547
0795 2_24 48 south 2 23795 47590 475895
0796 2_29 51 south 2 23766 47532 475317
0797 2_32 20 south 2 25002 50003 500029
0798 2_34 54 south 2 24015 48030 480294
0799 2_35 24 south 2 24580 49159 491585
0800 2_40 36 south 2 24765 49530 495292
0801 2_44 51 south 2 23937 47873 478722
0802 2_47 16 north 2 24107 48213 482124
0803 2_50 16 north 2 25005 50009 500083
0804 2_52 17 north 2 24801 49602 496012
0805 2_65 46 north 2 24322 48643 486426
0806 2_70 17 north 2 25293 50585 505841
0807 2_8 53 south 2 23842 47683 476823
0808 2_81 28 north 2 24009 48017 480167
0809 2_83 47 north 2 23997 47993 479926
0810 2_84 46 north 2 24597 49193 491921
0811 2_88 18 north 2 23857 47713 477125
0812 2_9 51 south 2 23803 47605 476050
0813 2_91 44 north 2 23862 47724 477231
0814 2_92 16 north 2 24088 48175 481748
0815 2_93 17 north 2 23923 47845 478448
0816 2_97 51 north 2 23890 47780 477798
0817 3_101 51 south 2 24219 48437 484370
0818 3_104 49 south 2 23988 47976 479758
0819 3_106 50 south 2 23979 47958 479577
0820 3_109 48 south 2 23779 47558 475576
0821 3_112 49 south 2 23965 47929 479282
0822 3_113 51 south 2 23974 47948 479472
0823 3_116 51 south 2 23716 47431 474304
0824 3_119 22 south 2 23709 47417 474167
0825 3_15 39 south 2 24363 48726 487252
0826 3_2 55 south 2 25689 51378 513779
0827 3_20 53 south 2 24286 48571 485701
0828 3_24 55 south 2 24016 48032 480311
0829 3_26 55 south 2 23960 47920 479193
0830 3_27 52 south 2 24381 48761 487602
0831 3_29 54 south 2 23897 47794 477936
0832 3_32 51 south 2 23989 47978 479775
0833 3_33 52 south 2 23866 47732 477318
0834 3_35 18 north 2 23641 47281 472801
0835 3_37 18 north 2 23762 47523 475226
0836 3_39 32 north 2 23747 47493 474921
0837 3_43 4 north 2 26037 52073 520730
0838 3_46 12 north 2 26341 52682 526819
0839 3_48_36646935_b218_4bc0_b77a_2a41ebce59ed 16 north 2 25506 51011 510110
0840 3_5 36 south 2 25757 51514 515138
0841 3_51 19 north 2 25867 51733 517327
0842 3_55 43 north 2 26566 53132 531316
0843 3_57 18 north 2 25292 50583 505826
0844 3_59 17 north 2 27435 54869 548684
0845 3_61 17 north 2 25694 51388 513880
0846 3_64_d405ee27_3553_41be_a230_d03729464145 43 north 2 25210 50420 504191
0847 3_65 43 north 2 24064 48127 481265
0848 3_72 43 north 2 24501 49001 490010
0849 3_73 45 north 2 25495 50989 509885
0850 3_8 51 south 2 24530 49059 490586
0851 3_81 37 north 2 23899 47798 477972
0852 3_84 50 north 2 23992 47983 479827
0853 3_87_0572534c_03d9_4ba1_b213_366a485dd821 32 north 2 23771 47542 475419
0854 3_87_342b8989_dfeb_4d77_be5f_5646855dbadf_0 36 south 2 23607 47214 472136
0855 3_89 18 south 2 23919 47838 478375
0856 3_92 24 south 2 23804 47607 476062
0857 3_95 20 south 2 25002 50003 500029
0858 3_97 24 south 2 23767 47533 475324
0859 4_15 18 north 2 23896 47791 477901
0860 4_21 12 north 2 24752 49504 495032
0861 4_22 11 north 2 25343 50686 506857
0862 4_24_1 12 north 2 26787 53573 535726
0863 4_26 28 north 2 27595 55189 551881
0864 4_27_3cdf19b5_dcb7_478e_8b00_1ee98101333a 37 north 2 24337 48673 486729
0865 4_28 39 north 2 24534 49068 490677
0866 5_10 19 south 2 28832 57664 576638
0867 5_16 28 north 2 27217 54433 544329
0868 5_18 42 north 2 27147 54293 542930
0869 5_22 28 north 2 25899 51798 517971
0870 5_24 31 north 2 33274 66547 665467
0871 5_25 49 north 2 38093 76186 761855
0872 5_26 10 north 2 39304 78608 786078
0873 5_27 46 north 2 27746 55492 554920
0874 5_3 54 south 2 32659 65317 653168
0875 5_35 42 north 2 29651 59302 593014
0876 5_41 11 north 2 30294 60587 605863
0877 5_49 11 north 2 27643 55285 552850
0878 5_50 12 north 2 29067 58133 581325
0879 5_60_e5ab57be_b799_4c79_818d_69a540c41678 44 north 2 41455 82909 829089
0880 6_12 33 south 2 23826 47651 476501
0881 6_17 20 north 2 23982 47963 479630
0882 6_18 19 north 2 24103 48205 482047
0883 6_27 24 south 2 23815 47630 476292
0884 6_31 33 south 2 25980 51959 519582
0885 6_53 35 north 2 32130 64259 642583
0886 6_6 35 south 2 27547 55094 550938
0887 6_64 12 north 2 28028 56056 560560
0888 6_66 11 north 2 30500 60999 609990
0889 6_67 30 north 2 32975 65949 659484
0890 6_70 12 north 2 24752 49504 495032
0891 6_74 18 north 2 26068 52136 521355
0892 6_81 43 north 2 26566 53132 531316
0893 6_83 13 north 2 26330 52659 526581
0894 6_85 13 north 2 31417 62834 628339
0895 6_88_6a2cf277_48b9_4aa4_8685_2c5d750f87dc 33 north 2 24289 48577 485770
0896 6_88_835c9038_7824_47ef_84d1_23cbd45c8842 33 north 2 24039 48077 480769
0897 6_9 34 south 2 29510 59020 590192
0898 6_90 44 north 2 23949 47897 478962
0899 7_10 54 south 2 26791 53581 535807
0900 7_13 36 south 2 26449 52898 528980
0901 7_17 14 north 2 25523 51046 510457
0902 7_2 20 south 2 27905 55809 558086
0903 7_20 34 south 2 27947 55893 558926
0904 7_29_0 13 north 2 45598 91195 911950
0905 7_29_1 13 north 2 45081 90162 901619
0906 7_42 13 north 2 26491 52981 529801
0907 7_44 12 north 2 29067 58133 581325
0908 7_5 19 south 2 33309 66617 666170
0909 7_56 50 north 2 30227 60453 604528
0910 7_73 10 north 2 43185 86369 863688
0911 7_80 12 north 2 26792 53583 535829
0912 7_84 34 north 2 36843 73686 736860
0913 7_87_0 37 north 2 34632 69263 692622
0914 7_9 19 south 2 29004 58008 580080
0915 7_92 33 north 2 35496 70992 709917
0916 7_94_5e49a652_2b1a_46a8_9a76_e6c9954b6865 40 north 2 37706 75411 754105
0917 8_12 18 north 2 23851 47701 477004
0918 8_18 44 north 2 28252 56503 565027
0919 8_20 43 north 2 29559 59118 591173
0920 8_34 8 north 2 49387 98773 987725
0921 8_35 31 north 2 32790 65580 655798
0922 8_38 35 north 2 26327 52654 526539
0923 8_50 10 north 2 32566 65132 651316
0924 8_52 10 north 2 32007 64013 640125
0925 8_62 31 north 2 32615 65230 652297
0926 8_65 33 north 2 29511 59021 590206
0927 8_68 28 north 2 31953 63905 639049
0928 8_7 37 south 2 23774 47548 475475
0929 8_73 29 north 2 29344 58688 586878
